0 3
1 3
2 3
3 3
4 4
5 4
6 4
7 4
8 3
9 3
10 3
11 4
12 0
13 0
14 3
15 3
16 3
17 2
18 3
19 2
20 2
21 2
22 2
23 2
24 0
25 0
26 0
27 0
28 0
29 3
30 3
31 3
32 3
33 3
34 3
35 2
36 2
37 2
38 0
39 1
40 1
41 0
42 0
43 0
44 4
45 4
46 4
47 4
48 4
49 3
50 3
51 3
52 3
53 4
54 3
55 3
56 3
57 3
58 3
59 3
60 3
61 3
62 3
63 2
64 2
65 2
66 2
67 2
68 3
69 3
70 3
71 3
72 3
73 3
74 1
75 1
76 1
77 1
78 1
79 1
80 3
81 3
82 5
83 2
84 5
85 5
86 5
87 5
88 3
89 5
90 3
91 4
92 4
93 4
94 4
95 4
96 4
97 6
98 6
99 3
100 3
101 3
102 3
103 3
104 3
105 3
106 3
107 3
108 3
109 6
110 6
111 6
112 6
113 6
114 6
115 3
116 0
117 0
118 0
119 2
120 2
121 4
122 4
123 4
124 3
125 2
126 3
127 3
128 3
129 0
130 6
131 5
132 0
133 6
134 0
135 3
136 0
137 4
138 3
139 4
140 4
141 4
142 4
143 4
144 4
145 4
146 4
147 2
148 0
149 0
150 0
151 0
152 1
153 1
154 1
155 1
156 1
157 1
158 1
159 1
160 1
161 5
162 3
163 5
164 0
165 4
166 4
167 3
168 4
169 0
170 4
171 4
172 4
173 4
174 4
175 4
176 3
177 3
178 3
179 3
180 6
181 6
182 5
183 6
184 6
185 6
186 6
187 6
188 4
189 4
190 4
191 4
192 4
193 4
194 3
195 3
196 3
197 3
198 3
199 0
200 3
201 3
202 3
203 2
204 2
205 2
206 5
207 5
208 5
209 3
210 3
211 3
212 3
213 3
214 3
215 4
216 3
217 4
218 5
219 5
220 3
221 3
222 3
223 3
224 3
225 3
226 3
227 0
228 0
229 0
230 0
231 0
232 0
233 2
234 2
235 2
236 1
237 0
238 3
239 4
240 4
241 0
242 4
243 4
244 0
245 0
246 0
247 0
248 0
249 0
250 0
251 6
252 6
253 6
254 6
255 6
256 3
257 0
258 2
259 2
260 2
261 2
262 2
263 2
264 2
265 2
266 2
267 2
268 2
269 2
270 0
271 0
272 5
273 0
274 3
275 0
276 0
277 4
278 4
279 2
280 2
281 2
282 2
283 0
284 0
285 0
286 0
287 0
288 0
289 0
290 4
291 4
292 5
293 5
294 5
295 5
296 2
297 2
298 6
299 0
300 0
301 6
302 6
303 0
304 0
305 5
306 5
307 5
308 2
309 2
310 2
311 2
312 2
313 2
314 2
315 2
316 2
317 2
318 2
319 1
320 2
321 2
322 2
323 2
324 0
325 0
326 0
327 0
328 0
329 0
330 0
331 4
332 4
333 4
334 4
335 4
336 4
337 4
338 5
339 0
340 0
341 5
342 6
343 0
344 0
345 4
346 4
347 3
348 0
349 0
350 3
351 0
352 0
353 0
354 0
355 0
356 0
357 0
358 0
359 0
360 4
361 4
362 2
363 2
364 2
365 4
366 4
367 1
368 3
369 1
370 1
371 4
372 4
373 0
374 0
375 6
376 0
377 5
378 5
379 3
380 6
381 0
382 0
383 5
384 6
385 4
386 3
387 5
388 0
389 3
390 3
391 2
392 4
393 3
394 5
395 4
396 3
397 0
398 5
399 0
400 6
401 0
402 5
403 0
404 5
405 6
406 4
407 4
408 4
409 4
410 4
411 4
412 4
413 4
414 4
415 2
416 2
417 2
418 2
419 4
420 4
421 4
422 4
423 4
424 4
425 4
426 6
427 6
428 6
429 6
430 6
431 6
432 6
433 6
434 0
435 4
436 4
437 4
438 0
439 4
440 4
441 4
442 4
443 0
444 0
445 0
446 0
447 0
448 0
449 0
450 0
451 0
452 0
453 0
454 3
455 0
456 0
457 0
458 0
459 0
460 0
461 0
462 6
463 6
464 5
465 5
466 5
467 0
468 0
469 6
470 0
471 0
472 2
473 2
474 1
475 1
476 1
477 5
478 1
479 5
480 1
481 3
482 1
483 1
484 1
485 1
486 1
487 1
488 1
489 1
490 1
491 1
492 2
493 2
494 6
495 6
496 5
497 5
498 5
499 5
500 5
501 6
502 6
503 6
504 6
505 1
506 1
507 1
508 1
509 1
510 2
511 1
512 1
513 1
514 1
515 1
516 1
517 4
518 1
519 5
520 1
521 5
522 1
523 1
524 1
525 1
526 1
527 1
528 1
529 1
530 1
531 1
532 1
533 5
534 2
535 2
536 2
537 2
538 2
539 2
540 2
541 2
542 2
543 2
544 2
545 2
546 1
547 1
548 1
549 5
550 5
551 5
552 5
553 5
554 5
555 5
556 5
557 6
558 6
559 6
560 5
561 5
562 5
563 6
564 5
565 6
566 0
567 4
568 4
569 6
570 3
571 1
572 5
573 0
574 6
575 5
576 5
577 5
578 5
579 6
580 5
581 5
582 5
583 5
584 5
585 5
586 5
587 5
588 5
589 3
590 5
591 5
592 5
593 1
594 0
595 1
596 4
597 1
598 1
599 1
600 1
601 1
602 3
603 1
604 5
605 5
606 5
607 1
608 1
609 1
610 6
611 5
612 5
613 5
614 5
615 5
616 5
617 5
618 1
619 2
620 1
621 5
622 5
623 5
624 5
625 1
626 1
627 1
628 1
629 1
630 1
631 1
632 1
633 1
634 1
635 1
636 1
637 1
638 1
639 1
640 1
641 1
642 1
643 1
644 4
645 4
646 4
647 3
648 3
649 4
650 0
651 0
652 3
653 3
654 6
655 6
656 6
657 6
658 6
659 6
660 6
661 6
662 0
663 0
664 0
665 0
666 0
667 4
668 3
669 6
670 4
671 4
672 4
673 4
674 4
675 4
676 0
677 0
678 3
679 3
680 3
681 3
682 4
683 4
684 4
685 4
686 2
687 2
688 2
689 2
690 2
691 2
692 2
693 2
694 2
695 2
696 2
697 2
698 2
699 2
700 2
701 3
702 3
703 3
704 3
705 3
706 3
707 3
708 3
709 3
710 3
711 3
712 3
713 0
714 4
715 0
716 0
717 0
718 3
719 3
720 3
721 3
722 4
723 4
724 4
725 3
726 3
727 3
728 3
729 3
730 3
731 3
732 3
733 2
734 3
735 3
736 3
737 3
738 3
739 3
740 3
741 3
742 3
743 3
744 2
745 2
746 2
747 2
748 2
749 2
750 2
751 2
752 5
753 6
754 6
755 3
756 4
757 4
758 4
759 4
760 4
761 3
762 3
763 3
764 3
765 3
766 3
767 3
768 3
769 3
770 3
771 6
772 6
773 6
774 6
775 3
776 3
777 3
778 3
779 3
780 3
781 3
782 3
783 3
784 0
785 0
786 0
787 0
788 0
789 3
790 0
791 4
792 4
793 2
794 2
795 2
796 2
797 2
798 6
799 6
800 5
801 3
802 4
803 1
804 3
805 0
806 5
807 4
808 4
809 4
810 4
811 4
812 3
813 0
814 4
815 4
816 3
817 4
818 4
819 4
820 3
821 4
822 3
823 3
824 3
825 3
826 3
827 2
828 2
829 2
830 2
831 2
832 4
833 4
834 4
835 4
836 0
837 3
838 3
839 4
840 4
841 0
842 3
843 4
844 4
845 4
846 3
847 4
848 0
849 3
850 3
851 0
852 0
853 3
854 3
855 3
856 4
857 4
858 4
859 4
860 3
861 3
862 3
863 3
864 3
865 3
866 4
867 3
868 3
869 3
870 5
871 5
872 5
873 2
874 3
875 3
876 2
877 2
878 2
879 4
880 1
881 1
882 3
883 2
884 2
885 2
886 2
887 2
888 2
889 3
890 3
891 3
892 3
893 3
894 3
895 3
896 4
897 3
898 3
899 3
900 3
901 6
902 3
903 3
904 3
905 1
906 1
907 3
908 1
909 1
910 3
911 3
912 3
913 5
914 5
915 0
916 3
917 0
918 0
919 1
920 2
921 3
922 5
923 0
924 3
925 0
926 0
927 4
928 4
929 2
930 2
931 2
932 4
933 4
934 4
935 2
936 2
937 2
938 4
939 4
940 4
941 4
942 4
943 4
944 5
945 5
946 5
947 4
948 1
949 3
950 3
951 3
952 3
953 3
954 5
955 0
956 5
957 3
958 3
959 4
960 3
961 0
962 0
963 4
964 4
965 0
966 0
967 3
968 0
969 3
970 6
971 2
972 2
973 5
974 5
975 5
976 5
977 5
978 5
979 5
980 5
981 5
982 3
983 0
984 3
985 3
986 3
987 2
988 2
989 2
990 3
991 3
992 3
993 3
994 0
995 0
996 6
997 4
998 4
999 4
1000 4
1001 5
1002 3
1003 3
1004 3
1005 0
1006 4
1007 2
1008 4
1009 4
1010 4
1011 0
1012 3
1013 0
1014 0
1015 3
1016 3
1017 3
1018 0
1019 6
1020 0
1021 0
1022 0
1023 3
1024 3
1025 3
1026 3
1027 3
1028 4
1029 4
1030 4
1031 3
1032 3
1033 3
1034 3
1035 3
1036 3
1037 2
1038 2
1039 2
1040 2
1041 2
1042 3
1043 0
1044 0
1045 3
1046 3
1047 1
1048 0
1049 3
1050 3
1051 3
1052 2
1053 2
1054 3
1055 3
1056 3
1057 3
1058 4
1059 4
1060 4
1061 4
1062 5
1063 2
1064 1
1065 1
1066 1
1067 1
1068 1
1069 1
1070 3
1071 0
1072 0
1073 1
1074 1
1075 1
1076 5
1077 1
1078 1
1079 1
1080 1
1081 1
1082 1
1083 1
1084 1
1085 1
1086 1
1087 1
1088 1
1089 1
1090 2
1091 1
1092 1
1093 3
1094 1
1095 1
1096 1
1097 0
1098 1
1099 3
1100 3
1101 2
1102 1
1103 1
1104 1
1105 1
1106 1
1107 6
1108 6
1109 3
1110 3
1111 0
1112 3
1113 3
1114 3
1115 3
1116 3
1117 3
1118 3
1119 3
1120 3
1121 3
1122 3
1123 3
1124 3
1125 3
1126 3
1127 3
1128 3
1129 3
1130 3
1131 3
1132 3
1133 3
1134 2
1135 3
1136 3
1137 3
1138 0
1139 0
1140 0
1141 0
1142 3
1143 3
1144 3
1145 3
1146 3
1147 3
1148 4
1149 3
1150 2
1151 4
1152 3
1153 4
1154 3
1155 0
1156 6
1157 0
1158 3
1159 0
1160 4
1161 0
1162 3
1163 3
1164 3
1165 3
1166 2
1167 1
1168 6
1169 6
1170 4
1171 4
1172 2
1173 2
1174 3
1175 3
1176 2
1177 2
1178 3
1179 3
1180 4
1181 4
1182 4
1183 4
1184 2
1185 2
1186 2
1187 2
1188 1
1189 5
1190 5
1191 4
1192 2
1193 3
1194 2
1195 2
1196 4
1197 4
1198 5
1199 6
1200 5
1201 1
1202 3
1203 3
1204 2
1205 0
1206 0
1207 2
1208 2
1209 0
1210 0
1211 2
1212 2
1213 2
1214 2
1215 2
1216 1
1217 5
1218 5
1219 5
1220 4
1221 4
1222 2
1223 2
1224 2
1225 2
1226 2
1227 0
1228 3
1229 0
1230 2
1231 2
1232 4
1233 4
1234 4
1235 4
1236 4
1237 4
1238 4
1239 4
1240 4
1241 4
1242 3
1243 5
1244 5
1245 5
1246 5
1247 5
1248 5
1249 5
1250 1
1251 1
1252 2
1253 1
1254 2
1255 0
1256 3
1257 3
1258 3
1259 3
1260 3
1261 4
1262 4
1263 4
1264 4
1265 2
1266 3
1267 4
1268 3
1269 0
1270 5
1271 3
1272 3
1273 3
1274 3
1275 4
1276 0
1277 3
1278 1
1279 4
1280 3
1281 3
1282 3
1283 3
1284 3
1285 5
1286 5
1287 2
1288 2
1289 2
1290 5
1291 2
1292 3
1293 3
1294 2
1295 2
1296 5
1297 5
1298 5
1299 5
1300 4
1301 4
1302 4
1303 4
1304 4
1305 3
1306 3
1307 3
1308 3
1309 3
1310 3
1311 3
1312 3
1313 3
1314 0
1315 3
1316 1
1317 5
1318 3
1319 4
1320 3
1321 3
1322 3
1323 2
1324 2
1325 2
1326 2
1327 2
1328 2
1329 2
1330 6
1331 6
1332 6
1333 0
1334 0
1335 1
1336 1
1337 3
1338 3
1339 0
1340 3
1341 1
1342 0
1343 5
1344 5
1345 5
1346 3
1347 3
1348 3
1349 3
1350 6
1351 0
1352 4
1353 0
1354 3
1355 0
1356 3
1357 3
1358 3
1359 3
1360 4
1361 4
1362 5
1363 3
1364 2
1365 2
1366 2
1367 2
1368 4
1369 4
1370 4
1371 4
1372 3
1373 4
1374 4
1375 0
1376 0
1377 4
1378 4
1379 4
1380 4
1381 4
1382 4
1383 4
1384 3
1385 3
1386 3
1387 0
1388 0
1389 0
1390 0
1391 4
1392 0
1393 3
1394 3
1395 5
1396 5
1397 5
1398 0
1399 5
1400 5
1401 5
1402 0
1403 0
1404 4
1405 0
1406 5
1407 4
1408 2
1409 2
1410 0
1411 0
1412 0
1413 5
1414 5
1415 4
1416 4
1417 4
1418 4
1419 4
1420 4
1421 4
1422 4
1423 4
1424 4
1425 4
1426 3
1427 3
1428 3
1429 5
1430 6
1431 5
1432 2
1433 4
1434 4
1435 5
1436 5
1437 5
1438 1
1439 3
1440 3
1441 4
1442 5
1443 6
1444 6
1445 3
1446 3
1447 3
1448 0
1449 0
1450 3
1451 5
1452 5
1453 5
1454 5
1455 1
1456 2
1457 1
1458 0
1459 3
1460 3
1461 4
1462 2
1463 2
1464 3
1465 5
1466 3
1467 2
1468 2
1469 2
1470 0
1471 3
1472 5
1473 5
1474 5
1475 5
1476 3
1477 3
1478 4
1479 4
1480 6
1481 5
1482 5
1483 5
1484 5
1485 3
1486 5
1487 5
1488 0
1489 0
1490 1
1491 1
1492 0
1493 5
1494 5
1495 2
1496 2
1497 2
1498 2
1499 2
1500 3
1501 3
1502 3
1503 2
1504 1
1505 1
1506 0
1507 1
1508 1
1509 2
1510 4
1511 2
1512 2
1513 2
1514 5
1515 5
1516 5
1517 5
1518 0
1519 4
1520 4
1521 4
1522 4
1523 4
1524 4
1525 1
1526 2
1527 6
1528 6
1529 6
1530 0
1531 0
1532 0
1533 0
1534 6
1535 6
1536 6
1537 3
1538 3
1539 2
1540 3
1541 3
1542 6
1543 6
1544 1
1545 1
1546 3
1547 6
1548 6
1549 0
1550 3
1551 3
1552 3
1553 3
1554 1
1555 1
1556 3
1557 3
1558 3
1559 3
1560 3
1561 2
1562 5
1563 4
1564 4
1565 5
1566 3
1567 5
1568 3
1569 2
1570 3
1571 3
1572 3
1573 4
1574 4
1575 3
1576 2
1577 3
1578 2
1579 0
1580 0
1581 2
1582 2
1583 2
1584 5
1585 5
1586 4
1587 4
1588 4
1589 4
1590 0
1591 0
1592 3
1593 3
1594 2
1595 2
1596 2
1597 2
1598 2
1599 2
1600 6
1601 4
1602 4
1603 6
1604 5
1605 5
1606 5
1607 4
1608 3
1609 3
1610 4
1611 3
1612 1
1613 3
1614 3
1615 0
1616 3
1617 3
1618 3
1619 1
1620 3
1621 1
1622 2
1623 2
1624 2
1625 4
1626 4
1627 4
1628 3
1629 2
1630 1
1631 2
1632 2
1633 2
1634 3
1635 2
1636 2
1637 2
1638 3
1639 3
1640 3
1641 2
1642 2
1643 3
1644 3
1645 0
1646 5
1647 5
1648 3
1649 3
1650 3
1651 3
1652 4
1653 3
1654 4
1655 4
1656 4
1657 4
1658 4
1659 5
1660 5
1661 3
1662 3
1663 3
1664 3
1665 3
1666 4
1667 4
1668 4
1669 0
1670 0
1671 5
1672 5
1673 3
1674 5
1675 0
1676 3
1677 3
1678 0
1679 0
1680 3
1681 3
1682 4
1683 6
1684 0
1685 6
1686 3
1687 3
1688 0
1689 3
1690 3
1691 1
1692 3
1693 3
1694 3
1695 3
1696 3
1697 3
1698 6
1699 3
1700 3
1701 1
1702 3
1703 3
1704 6
1705 3
1706 3
1707 3
1708 3
1709 2
1710 2
1711 2
1712 2
1713 5
1714 5
1715 6
1716 6
1717 5
1718 5
1719 0
1720 0
1721 0
1722 0
1723 2
1724 2
1725 3
1726 3
1727 3
1728 3
1729 3
1730 3
1731 3
1732 0
1733 0
1734 3
1735 3
1736 2
1737 2
1738 5
1739 5
1740 3
1741 3
1742 2
1743 2
1744 3
1745 2
1746 5
1747 0
1748 0
1749 3
1750 4
1751 4
1752 4
1753 4
1754 3
1755 3
1756 3
1757 3
1758 3
1759 3
1760 3
1761 3
1762 5
1763 5
1764 5
1765 5
1766 6
1767 2
1768 6
1769 5
1770 3
1771 3
1772 2
1773 2
1774 2
1775 2
1776 5
1777 3
1778 3
1779 2
1780 2
1781 2
1782 2
1783 2
1784 2
1785 2
1786 2
1787 2
1788 3
1789 5
1790 6
1791 5
1792 5
1793 5
1794 5
1795 3
1796 3
1797 3
1798 0
1799 3
1800 3
1801 3
1802 3
1803 3
1804 5
1805 3
1806 3
1807 0
1808 5
1809 4
1810 4
1811 0
1812 0
1813 0
1814 3
1815 3
1816 3
1817 6
1818 1
1819 2
1820 2
1821 2
1822 2
1823 2
1824 2
1825 4
1826 3
1827 3
1828 3
1829 0
1830 5
1831 5
1832 5
1833 1
1834 4
1835 0
1836 4
1837 3
1838 1
1839 3
1840 3
1841 5
1842 5
1843 6
1844 0
1845 6
1846 0
1847 5
1848 5
1849 5
1850 6
1851 0
1852 0
1853 5
1854 5
1855 5
1856 2
1857 2
1858 2
1859 4
1860 0
1861 3
1862 3
1863 5
1864 5
1865 5
1866 0
1867 6
1868 6
1869 3
1870 3
1871 4
1872 4
1873 2
1874 0
1875 4
1876 2
1877 2
1878 3
1879 3
1880 3
1881 3
1882 3
1883 3
1884 6
1885 6
1886 2
1887 0
1888 3
1889 3
1890 3
1891 5
1892 2
1893 3
1894 3
1895 0
1896 0
1897 0
1898 0
1899 3
1900 3
1901 3
1902 3
1903 4
1904 3
1905 3
1906 3
1907 3
1908 0
1909 0
1910 0
1911 0
1912 5
1913 5
1914 5
1915 5
1916 5
1917 0
1918 5
1919 0
1920 5
1921 3
1922 1
1923 1
1924 1
1925 2
1926 3
1927 3
1928 2
1929 2
1930 0
1931 2
1932 6
1933 5
1934 1
1935 0
1936 2
1937 2
1938 0
1939 2
1940 5
1941 3
1942 0
1943 3
1944 2
1945 2
1946 2
1947 3
1948 2
1949 2
1950 4
1951 4
1952 2
1953 4
1954 2
1955 2
1956 2
1957 3
1958 3
1959 2
1960 2
1961 0
1962 3
1963 6
1964 6
1965 1
1966 6
1967 6
1968 6
1969 6
1970 4
1971 4
1972 1
1973 4
1974 4
1975 4
1976 3
1977 3
1978 3
1979 4
1980 4
1981 3
1982 4
1983 3
1984 3
1985 5
1986 5
1987 3
1988 3
1989 2
1990 2
1991 4
1992 4
1993 4
1994 4
1995 4
1996 3
1997 3
1998 2
1999 2
2000 5
2001 4
2002 5
2003 4
2004 5
2005 5
2006 6
2007 4
2008 4
2009 3
2010 3
2011 4
2012 4
2013 3
2014 2
2015 2
2016 2
2017 2
2018 5
2019 1
2020 3
2021 1
2022 2
2023 3
2024 3
2025 3
2026 3
2027 3
2028 3
2029 3
2030 1
2031 3
2032 3
2033 3
2034 3
2035 4
2036 4
2037 4
2038 3
2039 0
2040 5
2041 3
2042 3
2043 6
2044 6
2045 3
2046 6
2047 0
2048 2
2049 4
2050 4
2051 4
2052 0
2053 0
2054 1
2055 2
2056 2
2057 2
2058 2
2059 0
2060 0
2061 0
2062 3
2063 0
2064 3
2065 2
2066 2
2067 3
2068 0
2069 3
2070 3
2071 0
2072 3
2073 3
2074 3
2075 2
2076 4
2077 3
2078 2
2079 3
2080 1
2081 3
2082 3
2083 1
2084 0
2085 2
2086 2
2087 2
2088 3
2089 0
2090 2
2091 2
2092 5
2093 6
2094 6
2095 5
2096 0
2097 0
2098 0
2099 6
2100 6
2101 3
2102 3
2103 0
2104 2
2105 5
2106 5
2107 6
2108 6
2109 4
2110 4
2111 2
2112 2
2113 2
2114 3
2115 3
2116 0
2117 0
2118 3
2119 3
2120 3
2121 2
2122 3
2123 6
2124 6
2125 0
2126 4
2127 4
2128 5
2129 5
2130 3
2131 3
2132 2
2133 2
2134 2
2135 2
2136 1
2137 3
2138 6
2139 6
2140 5
2141 5
2142 5
2143 5
2144 3
2145 3
2146 4
2147 4
2148 3
2149 1
2150 5
2151 4
2152 4
2153 3
2154 3
2155 3
2156 3
2157 4
2158 6
2159 4
2160 2
2161 2
2162 3
2163 3
2164 3
2165 3
2166 3
2167 3
2168 3
2169 3
2170 4
2171 3
2172 3
2173 3
2174 3
2175 3
2176 4
2177 0
2178 1
2179 3
2180 3
2181 0
2182 2
2183 2
2184 2
2185 2
2186 2
2187 2
2188 3
2189 3
2190 3
2191 3
2192 3
2193 3
2194 3
2195 4
2196 4
2197 2
2198 3
2199 3
2200 3
2201 3
2202 0
2203 4
2204 3
2205 5
2206 4
2207 3
2208 3
2209 2
2210 3
2211 3
2212 0
2213 0
2214 0
2215 0
2216 5
2217 0
2218 2
2219 3
2220 6
2221 3
2222 4
2223 4
2224 1
2225 4
2226 4
2227 4
2228 4
2229 3
2230 4
2231 5
2232 5
2233 5
2234 3
2235 3
2236 3
2237 6
2238 0
2239 0
2240 2
2241 2
2242 2
2243 0
2244 0
2245 0
2246 0
2247 0
2248 0
2249 0
2250 1
2251 4
2252 4
2253 4
2254 0
2255 3
2256 3
2257 4
2258 4
2259 4
2260 4
2261 4
2262 4
2263 3
2264 3
2265 3
2266 3
2267 0
2268 3
2269 3
2270 5
2271 0
2272 3
2273 4
2274 3
2275 6
2276 6
2277 3
2278 4
2279 3
2280 6
2281 6
2282 6
2283 3
2284 3
2285 4
2286 3
2287 3
2288 3
2289 3
2290 3
2291 3
2292 3
2293 4
2294 2
2295 2
2296 2
2297 2
2298 2
2299 2
2300 2
2301 2
2302 4
2303 3
2304 4
2305 4
2306 4
2307 4
2308 0
2309 4
2310 3
2311 3
2312 2
2313 2
2314 2
2315 4
2316 0
2317 3
2318 3
2319 3
2320 4
2321 3
2322 3
2323 0
2324 3
2325 5
2326 5
2327 5
2328 5
2329 0
2330 5
2331 5
2332 2
2333 4
2334 1
2335 2
2336 1
2337 3
2338 2
2339 2
2340 2
2341 2
2342 3
2343 3
2344 4
2345 2
2346 2
2347 6
2348 6
2349 6
2350 2
2351 3
2352 2
2353 2
2354 2
2355 2
2356 3
2357 3
2358 3
2359 4
2360 4
2361 5
2362 3
2363 3
2364 3
2365 3
2366 3
2367 3
2368 3
2369 3
2370 0
2371 6
2372 3
2373 3
2374 1
2375 1
2376 2
2377 3
2378 3
2379 3
2380 0
2381 4
2382 4
2383 4
2384 0
2385 4
2386 2
2387 2
2388 3
2389 6
2390 6
2391 3
2392 6
2393 6
2394 6
2395 6
2396 3
2397 5
2398 2
2399 2
2400 2
2401 2
2402 2
2403 2
2404 3
2405 6
2406 6
2407 3
2408 4
2409 3
2410 3
2411 2
2412 2
2413 0
2414 4
2415 4
2416 2
2417 2
2418 3
2419 3
2420 3
2421 2
2422 2
2423 1
2424 1
2425 3
2426 3
2427 3
2428 3
2429 3
2430 4
2431 5
2432 5
2433 5
2434 3
2435 3
2436 4
2437 4
2438 3
2439 3
2440 5
2441 6
2442 3
2443 3
2444 1
2445 3
2446 3
2447 3
2448 3
2449 3
2450 3
2451 3
2452 3
2453 4
2454 6
2455 6
2456 3
2457 3
2458 0
2459 1
2460 2
2461 2
2462 2
2463 2
2464 2
2465 2
2466 2
2467 2
2468 2
2469 2
2470 2
2471 2
2472 2
2473 2
2474 2
2475 5
2476 5
2477 5
2478 3
2479 3
2480 3
2481 0
2482 3
2483 3
2484 5
2485 5
2486 5
2487 2
2488 5
2489 5
2490 4
2491 3
2492 0
2493 0
2494 0
2495 0
2496 0
2497 6
2498 6
2499 3
2500 5
2501 3
2502 5
2503 3
2504 1
2505 0
2506 4
2507 6
2508 3
2509 3
2510 4
2511 4
2512 3
2513 0
2514 5
2515 4
2516 4
2517 3
2518 3
2519 5
2520 5
2521 5
2522 5
2523 5
2524 3
2525 3
2526 4
2527 3
2528 3
2529 1
2530 4
2531 3
2532 0
2533 3
2534 3
2535 3
2536 1
2537 6
2538 6
2539 3
2540 6
2541 3
2542 3
2543 0
2544 0
2545 3
2546 4
2547 0
2548 6
2549 1
2550 5
2551 3
2552 3
2553 3
2554 3
2555 3
2556 3
2557 3
2558 3
2559 3
2560 1
2561 5
2562 0
2563 3
2564 2
2565 3
2566 3
2567 3
2568 0
2569 2
2570 2
2571 3
2572 1
2573 2
2574 3
2575 6
2576 1
2577 1
2578 4
2579 1
2580 0
2581 2
2582 2
2583 0
2584 3
2585 3
2586 4
2587 3
2588 4
2589 0
2590 0
2591 1
2592 3
2593 0
2594 3
2595 3
2596 4
2597 3
2598 0
2599 3
2600 3
2601 3
2602 1
2603 3
2604 3
2605 3
2606 3
2607 3
2608 3
2609 3
2610 3
2611 4
2612 4
2613 1
2614 3
2615 1
2616 2
2617 3
2618 4
2619 4
2620 4
2621 3
2622 3
2623 3
2624 3
2625 5
2626 4
2627 4
2628 3
2629 5
2630 5
2631 5
2632 0
2633 6
2634 6
2635 1
2636 3
2637 3
2638 3
2639 3
2640 5
2641 2
2642 1
2643 4
2644 3
2645 3
2646 3
2647 6
2648 3
2649 3
2650 0
2651 0
2652 3
2653 4
2654 3
2655 1
2656 6
2657 0
2658 6
2659 0
2660 0
2661 0
2662 3
2663 4
2664 4
2665 3
2666 3
2667 4
2668 4
2669 4
2670 3
2671 3
2672 1
2673 3
2674 3
2675 3
2676 6
2677 3
2678 3
2679 4
2680 3
2681 5
2682 4
2683 4
2684 2
2685 2
2686 6
2687 3
2688 3
2689 2
2690 3
2691 3
2692 3
2693 3
2694 2
2695 2
2696 3
2697 3
2698 3
2699 3
2700 3
2701 3
2702 3
2703 2
2704 4
2705 4
2706 4
2707 4
