0 1
0 2
0 3
1 51
1 1744
2 3
2 51
2 2130
3 2351
4 5
4 6
4 7
5 8
5 9
5 10
5 11
6 1478
8 33
8 39
8 103
8 198
8 296
8 297
8 308
8 389
8 421
8 519
8 526
8 682
8 702
8 707
8 708
8 710
8 711
8 732
8 763
8 770
8 782
8 853
8 863
8 897
8 900
8 1032
8 1054
8 1174
8 1228
8 1277
8 1309
8 1427
8 1455
8 1456
8 1501
8 1570
8 1617
8 1618
8 1634
8 1691
8 1695
8 1703
8 1805
8 1814
8 1907
8 1927
8 1983
8 2045
8 2197
8 2234
8 2322
8 2351
8 2362
8 2427
8 2451
8 2460
8 2527
8 2603
8 2609
8 2641
8 2642
8 2643
8 2644
8 2645
9 420
9 782
9 1170
9 1171
10 116
10 209
10 214
10 217
10 2584
12 13
14 15
14 16
14 17
14 18
14 19
15 16
15 18
15 19
15 862
15 1686
15 2192
15 2194
16 18
16 1628
16 1686
17 18
17 19
17 125
17 492
17 876
17 1150
18 19
18 1686
18 2192
18 2194
19 2192
20 21
20 22
20 23
21 23
21 2461
22 1467
22 1568
22 1738
24 25
24 26
24 27
24 28
25 26
25 124
25 271
25 300
25 324
25 328
25 666
25 676
25 1072
25 1139
25 1405
25 1645
25 2145
25 2213
25 2214
25 2247
25 2505
26 443
26 451
26 457
26 470
26 1138
26 1934
26 2103
26 2494
27 28
27 276
27 284
27 300
27 324
27 328
27 329
27 330
27 451
27 1255
27 1732
27 1896
27 1935
27 2103
27 2226
27 2243
27 2244
27 2245
27 2246
27 2247
27 2248
27 2249
28 1255
29 30
31 32
31 33
31 34
32 472
32 862
32 1023
32 1024
32 1025
32 1026
32 1027
33 1162
33 1164
33 1165
34 990
34 991
34 992
34 993
35 36
35 37
36 37
36 539
36 1526
36 1783
38 39
38 40
39 485
39 1490
39 1491
41 42
41 43
42 43
42 373
42 590
42 676
42 890
42 924
42 1919
42 2013
42 2032
42 2097
42 2583
43 813
43 1206
43 1577
43 1934
44 45
44 46
44 47
44 48
45 47
46 48
47 48
49 50
49 51
50 115
50 520
50 735
50 820
50 861
50 864
50 879
50 894
50 895
50 897
50 1065
50 1118
50 1121
50 1127
50 1145
50 1202
50 1498
50 1501
50 1502
50 1541
50 1560
50 1638
50 1662
50 1689
50 1690
50 1693
50 1700
50 1702
50 1900
50 1904
50 1905
50 2020
50 2031
50 2032
50 2167
50 2169
50 2208
50 2442
50 2509
50 2563
50 2606
50 2621
50 2622
51 55
51 69
51 100
51 103
51 237
51 481
51 513
51 518
51 530
51 652
51 701
51 702
51 755
51 820
51 837
51 853
51 854
51 882
51 900
51 902
51 903
51 904
51 907
51 967
51 969
51 1070
51 1082
51 1093
51 1113
51 1130
51 1133
51 1174
51 1356
51 1470
51 1592
51 1593
51 1611
51 1690
51 1695
51 1696
51 1703
51 1744
51 1797
51 1800
51 1837
51 1880
51 1976
51 2072
51 2079
51 2101
51 2168
51 2219
51 2234
51 2263
51 2277
51 2356
51 2388
51 2439
51 2443
51 2527
51 2600
51 2601
51 2602
51 2603
51 2604
51 2605
51 2606
51 2607
51 2608
51 2609
51 2610
52 53
52 54
52 55
52 56
52 57
53 55
53 144
53 213
53 217
53 241
53 371
53 372
53 393
53 478
53 647
53 648
53 765
53 766
53 769
53 789
53 801
53 842
53 879
53 890
53 1046
53 1100
53 1374
53 1380
53 1501
53 1616
53 1725
53 1825
53 1879
53 1899
53 2025
53 2033
53 2115
53 2168
53 2418
53 2419
53 2586
53 2627
53 2628
53 2649
54 56
54 57
54 202
54 737
54 767
54 768
54 867
55 704
56 767
56 768
56 1277
56 1393
57 198
57 202
57 1393
58 59
58 60
58 61
58 62
59 60
59 61
59 62
59 1305
59 1307
59 1315
59 1757
59 1758
59 1759
59 2337
59 2673
59 2674
59 2675
60 61
60 62
60 1697
60 1759
61 62
61 1306
61 1307
61 1759
62 1697
63 64
63 65
63 66
63 67
64 268
64 749
64 1252
64 1324
64 1325
65 692
65 1225
66 125
66 692
66 1294
66 1467
67 692
67 1214
67 1225
68 69
68 70
68 71
68 72
68 73
69 99
69 100
69 101
69 102
69 103
70 73
70 99
70 107
70 2410
71 73
71 107
71 2410
72 107
74 75
74 76
74 77
74 78
74 79
75 527
76 475
76 483
76 485
76 506
76 641
76 642
76 643
77 505
77 2560
78 475
78 1335
79 532
79 634
79 1189
80 81
81 855
82 83
82 84
82 85
82 86
82 87
83 125
83 155
83 261
83 344
83 485
83 507
83 528
83 535
83 556
83 629
83 795
83 929
83 988
83 1078
83 1081
83 1090
83 1091
83 1093
83 1099
83 1100
83 1101
83 1188
83 1491
83 1831
83 1892
83 1965
83 2022
83 2149
83 2238
85 87
85 1246
85 2500
86 87
86 613
86 614
86 1245
86 1297
86 1864
87 611
87 1244
87 1248
88 89
88 90
89 846
90 303
91 92
91 93
91 94
91 95
91 96
92 93
92 94
92 96
92 122
92 435
92 844
92 998
92 1009
92 1461
92 1588
92 1903
92 1982
92 2478
92 2586
92 2611
92 2612
93 94
93 96
93 435
93 963
93 998
93 1461
93 2478
93 2611
94 191
94 682
94 685
94 1415
94 1859
94 2408
94 2612
94 2664
95 170
95 171
95 172
95 173
95 174
95 175
96 435
97 98
98 502
98 2100
99 100
99 101
100 101
100 102
101 2654
102 103
102 107
102 209
102 526
102 652
102 653
102 701
102 702
102 718
102 719
102 721
102 783
102 903
102 904
102 1142
102 1145
102 1146
102 1147
102 1223
102 1495
102 1572
102 1611
102 1613
102 1689
102 1690
102 1691
102 1692
102 1693
102 1694
102 1695
102 1696
103 783
103 825
103 826
104 105
104 106
104 107
104 108
105 246
105 1884
105 2449
105 2450
106 199
106 339
107 855
108 1464
108 2449
109 110
109 111
109 112
109 113
109 114
110 113
110 114
111 112
111 113
111 114
112 113
112 469
113 114
113 469
115 116
115 117
115 118
116 117
116 1500
116 1591
116 1707
117 118
117 2137
119 120
120 492
120 935
120 1223
121 122
121 123
122 188
122 189
122 190
122 411
122 412
122 413
122 517
122 685
122 832
122 1010
122 1261
122 1262
122 1263
122 1588
122 1859
122 1951
122 2170
123 413
123 1859
123 1951
124 125
124 126
124 127
124 128
124 129
125 147
125 205
125 233
125 234
125 235
125 259
125 260
125 261
125 263
125 265
125 268
125 280
125 281
125 296
125 311
125 312
125 313
125 317
125 318
125 319
125 321
125 322
125 381
125 391
125 396
125 415
125 417
125 418
125 472
125 492
125 510
125 539
125 540
125 541
125 543
125 545
125 636
125 686
125 688
125 689
125 690
125 691
125 692
125 693
125 694
125 695
125 696
125 697
125 698
125 700
125 733
125 744
125 745
125 748
125 749
125 794
125 877
125 878
125 886
125 920
125 929
125 935
125 968
125 988
125 1007
125 1037
125 1040
125 1090
125 1150
125 1166
125 1172
125 1176
125 1177
125 1184
125 1185
125 1186
125 1187
125 1194
125 1195
125 1211
125 1216
125 1225
125 1252
125 1254
125 1289
125 1463
125 1467
125 1468
125 1469
125 1471
125 1499
125 1511
125 1539
125 1576
125 1578
125 1630
125 1633
125 1710
125 1724
125 1739
125 1764
125 1780
125 1787
125 1819
125 1821
125 1822
125 1824
125 1861
125 1892
125 1929
125 1931
125 1937
125 1939
125 1944
125 1946
125 1949
125 1954
125 1955
125 1960
125 2022
125 2048
125 2087
125 2104
125 2112
125 2121
125 2132
125 2160
125 2165
125 2186
125 2187
125 2197
125 2240
125 2241
125 2294
125 2295
125 2296
125 2300
125 2301
125 2313
125 2340
125 2346
125 2352
125 2353
125 2354
125 2355
125 2376
125 2400
125 2401
125 2422
125 2460
125 2461
125 2462
125 2463
125 2464
125 2465
125 2466
125 2467
125 2468
125 2469
125 2470
125 2471
125 2472
125 2473
125 2474
126 129
126 271
126 274
126 2274
127 274
128 1017
129 274
129 663
129 1333
130 131
132 133
132 134
132 135
132 136
133 669
133 774
133 954
133 1018
133 1514
133 1542
133 1659
133 1846
133 1849
133 1850
133 1932
133 2158
133 2389
133 2395
134 569
134 923
134 925
134 926
134 994
134 995
134 1017
134 1018
134 1019
134 1020
134 1021
135 1018
135 1019
135 1569
136 299
136 403
136 1018
137 138
137 139
137 140
137 141
137 142
137 143
137 144
137 145
137 146
138 860
139 141
139 1751
139 1974
139 2109
140 146
140 815
140 1059
141 420
141 815
141 1059
141 1751
142 144
142 815
142 1171
142 2653
143 146
143 815
144 420
145 420
145 421
146 815
146 1836
148 149
148 150
148 151
149 150
149 151
149 594
149 1392
149 1410
149 1763
149 2150
150 151
150 1410
151 1410
151 2096
152 153
152 154
152 155
152 156
152 157
152 158
152 159
152 160
153 155
153 2335
153 2336
154 485
154 1066
155 159
155 160
155 422
155 505
155 1086
155 1505
155 1590
155 1965
155 2224
155 2238
156 158
157 160
157 475
157 485
157 519
158 306
158 476
158 1086
158 1590
159 906
159 1201
159 1316
160 628
161 162
161 163
161 164
162 1198
162 2681
163 2361
163 2371
164 239
164 270
165 166
165 167
165 168
165 169
166 169
166 213
166 371
166 421
166 766
166 814
166 1370
166 1371
166 1372
166 1373
166 1374
166 1375
166 1376
166 1377
166 1378
167 169
167 199
167 238
167 1111
167 1375
168 199
169 1375
169 1987
170 172
170 360
170 808
170 1239
170 2530
171 941
172 2262
172 2437
173 928
174 2322
174 2546
175 434
175 439
175 1807
175 2219
176 177
176 178
176 179
177 868
177 869
177 949
177 950
177 951
177 952
177 953
177 957
177 958
177 1051
177 1318
177 1320
177 1322
177 1550
177 1551
177 1552
177 1553
178 2064
180 181
180 182
180 183
180 184
181 183
181 184
181 250
181 255
181 298
181 302
181 303
181 752
181 753
181 772
181 773
181 841
181 1443
181 1547
181 1548
181 1790
181 1850
181 1966
181 1968
181 1969
181 2094
181 2108
181 2123
181 2220
181 2276
181 2389
181 2454
181 2537
181 2548
181 2633
182 184
182 955
182 1315
182 1438
182 1763
183 184
183 463
183 752
183 753
183 754
184 1530
184 1531
185 186
185 187
186 2454
187 374
187 375
188 189
188 190
188 191
188 192
188 193
189 685
189 1263
189 1951
191 408
191 685
192 406
192 412
192 414
192 2285
193 406
193 685
193 1424
193 2285
194 195
194 196
194 197
196 197
198 199
198 200
198 201
198 202
199 200
199 238
199 347
199 434
199 860
199 1111
199 1112
199 1203
199 1266
199 1267
199 1268
199 1269
199 1339
199 1375
199 1391
199 1466
199 1899
199 1900
199 1901
199 1902
199 1903
199 1904
199 1905
199 1906
199 1907
200 2566
201 345
201 1663
202 767
202 768
202 1393
203 204
203 205
204 1468
204 1821
205 1946
205 2104
206 207
206 208
207 1481
207 1482
207 1483
207 1484
209 210
209 211
209 212
209 213
209 214
209 215
209 216
210 703
211 1730
211 1981
212 1730
212 1981
213 1981
214 2584
214 2585
215 671
215 1871
216 1729
216 1730
218 219
219 293
219 578
219 922
219 978
219 1246
219 1249
219 1297
219 1673
219 1674
219 1769
219 1912
219 1933
219 2190
219 2270
219 2325
219 2326
219 2481
219 2519
219 2520
219 2521
219 2522
219 2523
220 221
220 222
220 223
220 224
220 225
220 226
221 224
221 226
221 1862
222 1359
222 1450
223 225
223 1359
223 1960
224 1358
225 1359
225 1450
226 1862
227 228
227 229
227 230
227 231
227 232
228 229
229 230
229 284
229 651
230 231
230 289
230 356
230 403
230 443
230 445
230 651
230 1014
230 1141
230 1748
230 1866
230 1935
230 2052
230 2494
230 2532
230 2543
230 2659
231 284
231 451
232 284
233 234
233 235
234 311
234 363
234 971
234 1007
234 1946
234 1955
234 2183
234 2294
234 2295
234 2296
234 2297
234 2298
234 2299
234 2300
234 2301
235 1724
235 1823
235 2014
235 2297
235 2460
235 2472
235 2474
236 237
236 238
237 968
237 1957
238 368
238 489
238 1312
239 240
239 241
239 242
239 243
239 244
239 245
239 246
239 247
239 248
239 249
239 250
240 250
240 667
240 716
240 841
240 842
240 843
240 844
240 845
240 846
241 665
241 1406
242 1160
242 1406
243 248
244 245
244 283
244 665
245 274
245 283
246 339
246 340
246 397
246 402
247 257
247 283
247 284
247 289
248 385
248 392
248 1156
249 714
249 1159
249 1399
249 1407
249 1493
249 1776
250 1670
251 252
251 253
251 254
251 255
252 253
252 254
252 255
252 563
252 571
252 1603
252 2348
252 2575
253 255
254 255
254 1430
255 299
255 2538
256 257
257 283
257 288
257 289
257 1645
258 259
259 877
260 261
260 262
260 263
260 264
260 265
260 266
260 267
260 268
260 269
261 321
261 745
261 751
261 988
261 1622
261 1738
261 1892
261 2058
261 2112
261 2355
261 2462
261 2564
261 2614
262 988
262 1780
262 2399
263 884
263 885
263 1709
263 1710
263 1711
263 1712
264 1723
265 1498
265 2350
266 267
266 493
267 492
267 493
268 749
268 878
268 1040
268 1462
268 1463
269 733
269 936
269 1503
269 1582
269 1712
269 2090
270 339
270 403
270 1168
270 1208
270 1288
270 2057
270 2481
271 272
271 273
271 274
272 339
272 341
272 378
272 384
272 387
272 388
272 396
272 400
272 403
272 1514
272 2205
272 2218
272 2431
272 2432
272 2433
273 1932
274 676
274 1017
275 276
276 1489
276 1506
277 278
278 2196
279 280
279 281
279 282
280 281
280 282
280 541
280 2299
283 284
283 285
283 286
283 287
283 288
283 289
284 354
284 443
284 451
284 471
284 650
284 651
284 1579
284 1580
284 1687
284 1953
284 2245
285 324
285 1161
285 1532
286 1607
287 289
288 299
289 643
289 848
289 915
289 916
289 917
289 918
289 919
289 920
290 291
292 293
292 294
292 295
293 549
293 550
293 1604
294 550
296 297
297 1294
297 1295
298 299
298 300
298 301
298 302
298 303
298 304
299 399
299 453
299 468
299 506
299 533
299 579
299 590
299 771
299 772
299 1161
299 1229
299 1342
299 1351
299 1355
299 1464
299 1480
299 1547
299 1558
299 1571
299 1590
299 1787
299 1964
299 2070
299 2084
299 2095
299 2216
299 2217
299 2218
299 2219
299 2220
300 303
300 304
300 330
300 2248
301 302
301 444
301 970
301 1969
301 2013
301 2107
301 2124
301 2454
301 2455
302 1533
302 1704
303 2044
303 2063
304 578
304 1339
304 1812
304 2043
305 306
305 307
306 307
306 578
306 586
306 615
306 806
306 1190
306 1410
306 1413
306 1414
308 309
308 310
309 310
312 313
312 314
312 315
312 316
312 317
312 318
312 319
312 320
312 321
312 322
312 323
313 1039
313 1989
313 1990
314 364
314 1251
314 1432
315 318
315 1039
315 2332
316 318
316 319
316 1623
316 1624
317 930
317 1958
317 1960
318 1039
319 620
319 2030
319 2080
320 321
320 1176
320 1177
320 2056
320 2376
321 473
321 1773
321 2564
322 1497
322 2564
323 988
323 1773
323 1990
323 2111
323 2135
323 2238
324 325
324 326
324 327
324 328
324 329
324 330
325 326
325 434
325 1669
325 1670
326 328
326 373
326 444
326 924
326 1006
326 1022
326 1276
326 1603
326 1669
326 1845
326 1975
326 2098
326 2125
326 2176
326 2333
327 330
327 449
327 459
327 461
327 509
327 628
327 1449
331 332
331 333
331 334
331 335
331 336
331 337
332 334
332 335
332 365
333 334
333 336
333 365
334 335
334 336
334 337
334 365
334 366
335 337
335 365
336 365
336 366
337 365
338 339
338 340
338 341
339 341
339 376
339 377
339 378
339 379
339 380
339 381
339 382
339 383
339 384
339 385
339 386
339 387
339 388
339 389
339 390
339 391
339 392
339 393
339 394
339 395
339 396
339 397
339 398
339 399
339 400
339 401
339 402
339 403
339 404
339 405
340 382
340 388
340 847
340 946
340 2177
341 403
341 404
341 1396
341 1493
342 343
342 344
343 344
343 1205
344 1205
345 346
345 347
347 1663
348 349
348 350
349 1573
349 2181
349 2651
350 506
350 1145
350 1700
350 1701
350 1702
350 1703
351 352
351 353
351 354
352 356
352 961
352 962
353 650
354 1387
354 2316
355 356
355 357
355 358
355 359
356 460
356 651
357 359
357 651
357 1140
358 359
359 651
359 1138
360 361
361 1029
361 1196
362 363
362 364
363 1040
363 2472
365 366
367 368
367 369
367 370
368 489
368 491
368 1312
368 1505
368 2271
371 372
371 373
372 1078
372 1340
372 1834
372 1921
372 2225
372 2445
373 665
373 2308
374 401
374 563
374 713
375 463
375 2013
376 401
376 563
376 713
377 402
377 617
378 395
378 403
378 800
379 1001
380 1480
381 1270
381 2598
383 717
383 2493
385 847
385 1363
385 1403
385 1533
386 709
386 1643
386 1644
387 465
387 588
387 1565
388 403
389 707
389 708
389 1644
389 1926
390 403
391 1007
391 1669
391 1959
392 397
392 714
392 715
394 665
394 1363
395 403
395 717
395 1682
395 2315
395 2359
396 2617
397 403
397 405
397 1392
398 403
398 1062
399 403
400 1886
401 556
401 1886
402 2538
402 2647
403 404
403 651
403 836
403 1351
403 1352
403 1353
403 1354
403 1355
404 1659
404 1918
404 1919
404 1920
405 1480
405 1542
405 1543
405 1698
405 1884
405 1885
405 2006
405 2237
405 2280
405 2281
405 2497
405 2498
405 2507
405 2676
406 407
406 408
406 409
406 410
406 411
406 412
406 413
406 414
407 1263
409 413
409 414
409 964
409 1950
410 411
410 1182
410 1183
411 685
412 413
412 1951
412 2285
413 963
413 964
415 416
415 417
415 418
416 417
416 418
416 698
416 700
416 870
416 873
416 1804
417 418
417 698
417 699
417 700
418 699
418 700
419 420
419 421
419 422
419 423
419 424
419 425
420 424
420 814
420 1171
420 1415
420 2288
421 423
421 424
421 684
421 782
421 1372
421 1540
421 1648
421 1651
421 2228
421 2304
421 2584
421 2643
422 424
423 424
424 782
425 997
425 2251
425 2252
425 2253
426 427
426 428
427 428
427 2099
427 2100
429 430
429 431
429 432
429 433
430 1019
430 1669
432 1403
432 1764
433 1403
433 1764
434 435
434 436
434 437
434 438
434 439
434 440
434 441
434 442
435 941
435 1221
435 1417
435 1418
435 1434
435 1461
435 2151
435 2611
437 441
438 813
439 1807
440 1807
441 1836
442 1807
443 444
443 445
443 446
443 447
443 448
443 449
443 450
443 451
443 452
443 453
443 454
443 455
443 456
443 457
443 458
443 459
443 460
443 461
444 1022
444 2108
444 2125
445 1489
445 1934
446 449
446 461
447 449
447 1578
448 450
448 455
448 456
448 961
448 2039
449 459
449 461
449 1813
449 1895
449 1896
449 1942
450 457
450 650
450 651
450 961
450 1911
450 2580
451 459
451 651
451 1014
451 1579
452 2059
452 2060
452 2061
453 458
454 1027
454 1577
454 2115
454 2274
455 456
455 471
455 961
455 962
455 1140
455 1342
455 1908
455 1909
455 1910
455 1911
456 961
456 962
456 1342
456 1909
456 1910
456 1911
456 1917
457 1908
458 579
458 1828
458 1829
459 461
459 650
459 651
459 805
459 1448
459 1449
460 651
461 2562
462 463
463 755
463 1776
464 465
464 466
465 466
465 477
465 516
465 551
465 1190
465 1436
465 1494
465 1516
465 1789
465 1790
465 1791
465 1792
465 1793
465 1794
467 468
469 610
470 471
471 1140
471 1342
471 2589
471 2590
471 2650
472 473
473 2564
474 475
474 476
474 477
474 478
474 479
474 480
474 481
474 482
475 480
475 482
475 486
475 488
475 509
475 512
475 515
475 523
475 525
475 527
475 546
475 571
475 595
475 607
475 626
475 627
475 629
475 640
475 641
475 642
475 643
475 919
475 1065
475 1066
475 1073
475 1075
475 1084
475 1103
475 1137
475 1201
475 1278
475 1508
475 1621
475 2334
475 2576
475 2577
475 2578
475 2579
476 485
476 505
476 506
476 507
476 508
476 509
476 510
476 511
476 512
476 513
476 514
476 515
476 516
476 517
476 518
476 519
476 520
476 521
476 522
476 523
476 524
476 525
476 526
476 527
476 528
476 529
476 530
476 531
476 532
476 533
477 479
478 480
478 506
478 1335
480 485
480 1335
481 886
481 1100
483 484
483 485
483 486
483 487
483 488
484 488
484 601
484 909
484 1073
484 1504
484 1505
485 486
485 488
485 506
485 507
485 508
485 515
485 516
485 520
485 523
485 524
485 525
485 526
485 528
485 529
485 546
485 547
485 548
485 556
485 570
485 571
485 597
485 601
485 607
485 608
485 627
485 639
485 643
485 867
485 908
485 909
485 910
485 919
485 1047
485 1064
485 1065
485 1066
485 1073
485 1074
485 1075
485 1076
485 1077
485 1078
485 1079
485 1080
485 1081
485 1082
485 1083
485 1084
485 1085
485 1086
485 1087
485 1088
485 1089
485 1090
485 1091
485 1092
485 1093
485 1094
485 1095
485 1096
485 1097
485 1098
485 1099
485 1100
485 1101
485 1102
485 1103
485 1104
485 1105
485 1106
486 548
486 800
487 1340
487 2572
488 1066
489 490
489 491
490 491
492 493
492 745
492 886
492 1822
493 541
493 797
493 1576
493 2569
494 495
496 497
496 498
496 499
496 500
497 622
497 623
497 1473
497 1605
497 1606
498 500
499 500
500 1606
501 502
501 503
501 504
502 2099
502 2100
502 2656
503 504
503 2100
503 2540
504 2540
505 517
505 520
505 523
505 599
505 626
505 642
505 919
505 1098
505 1148
505 1201
505 1278
505 1341
505 2147
505 2224
506 507
506 513
506 515
506 518
506 520
506 525
506 526
506 527
506 530
506 607
506 629
506 640
506 803
506 853
506 909
506 1048
506 1082
506 1085
506 1102
506 1106
506 1184
506 1507
506 1701
506 1837
506 2090
506 2600
507 525
507 607
507 609
507 639
507 908
507 909
507 910
508 601
508 602
508 603
509 628
510 1037
512 525
512 1338
513 530
514 636
514 1922
515 529
515 547
515 1103
515 2560
516 1508
516 2250
517 1148
517 1752
518 530
519 526
519 800
519 1340
519 2083
519 2375
520 1069
521 552
521 553
521 905
521 1517
521 1713
521 1714
522 529
522 1373
522 1508
522 1836
523 1335
523 2591
524 526
524 625
526 625
526 899
526 1356
526 1570
526 1571
527 625
527 626
527 627
527 628
527 629
528 529
528 1621
529 547
529 626
529 1103
531 556
531 755
532 632
532 637
532 638
533 578
533 579
534 535
534 536
534 537
534 538
534 539
535 536
535 795
535 796
535 797
536 1038
536 1599
536 1635
536 1636
536 1637
537 930
537 1365
539 1948
539 2056
539 2398
540 541
540 542
540 543
540 544
540 545
541 544
541 793
541 1007
541 1063
541 1408
541 1499
541 1576
541 1578
541 1738
541 1822
541 1931
541 2048
541 2240
541 2339
541 2346
541 2352
541 2353
541 2354
541 2355
543 544
543 545
544 1040
544 1063
545 2048
546 547
546 548
547 548
547 1074
547 1091
547 1098
547 1103
547 1507
547 1508
547 1509
548 601
548 1074
548 1075
548 1096
548 1474
548 2529
549 550
549 551
550 577
551 834
551 944
551 1794
551 1912
552 553
552 554
553 1713
555 556
556 578
556 709
556 954
556 1229
556 1413
556 1436
556 1740
556 1817
556 2084
556 2176
556 2177
556 2178
557 558
557 559
559 1885
559 2006
559 2275
559 2276
559 2498
559 2538
560 561
560 562
561 562
563 564
563 565
563 566
563 567
563 568
563 569
563 570
563 571
563 572
563 573
563 574
563 575
563 576
563 577
563 578
563 579
564 1285
564 1286
565 574
565 1429
566 573
566 1429
567 568
567 574
567 959
568 569
568 573
568 1571
568 1988
568 2448
570 1619
571 578
571 1665
572 574
573 1988
573 2202
573 2203
574 955
574 2203
575 576
577 590
577 924
577 1646
577 2327
577 2330
577 2331
578 1156
578 1442
578 1443
578 1444
579 956
579 1669
580 581
580 582
580 583
580 584
580 585
580 586
582 583
582 621
582 622
582 2640
583 621
583 622
583 623
583 1270
584 585
584 2550
585 1674
585 1764
585 2550
585 2631
586 1414
587 588
587 589
587 590
587 591
587 592
588 945
588 1492
588 1562
589 590
589 591
589 592
589 1396
589 1401
589 2328
590 592
590 1276
590 1396
590 1401
590 2328
591 592
591 1363
592 1363
592 1401
592 2013
593 594
593 595
593 596
593 597
593 598
593 599
593 600
595 599
595 601
596 2001
597 598
597 599
597 600
597 1064
597 1953
597 2011
597 2012
598 600
601 1069
601 1079
601 1083
601 1201
601 2147
602 2419
602 2425
602 2447
604 605
604 606
605 806
605 1451
605 1452
605 1453
605 1454
606 1453
607 608
607 609
609 1099
611 612
611 613
611 614
613 1245
613 1249
613 1296
613 1297
614 1243
614 1244
614 1245
615 616
616 1299
616 1841
616 1842
617 1363
618 619
618 620
619 1186
619 1818
619 2030
619 2549
620 1818
620 2030
621 622
621 623
621 624
622 1473
622 1606
622 2106
623 1454
623 1854
623 2231
623 2232
623 2233
624 1494
625 1068
625 1102
626 1069
627 1438
628 1316
629 2054
630 631
631 1066
631 1335
631 1336
632 633
632 634
633 634
633 637
633 638
634 637
634 638
634 2655
635 636
636 1922
636 1923
636 2021
636 2022
637 1310
637 2059
637 2655
639 640
640 908
640 910
640 1176
640 1177
640 1630
640 1820
640 1977
640 2423
640 2424
642 1508
643 919
643 1080
644 645
644 646
645 1419
645 1666
645 1667
646 1183
646 1419
646 1421
646 1422
646 1424
647 648
647 649
648 649
648 1728
648 1730
648 1921
649 1921
650 651
651 1140
651 1579
651 1580
652 653
653 770
653 902
653 1142
653 1143
653 1144
653 1145
653 1146
653 1147
654 655
654 656
654 657
654 658
655 658
655 659
655 1527
656 657
656 658
656 659
656 660
657 658
657 659
657 660
657 661
659 660
659 1600
662 663
662 664
662 665
662 666
662 667
663 1072
663 1333
663 1670
663 1961
663 2098
663 2145
663 2329
663 2418
663 2449
663 2505
663 2513
664 844
664 1333
664 1405
664 2213
664 2513
665 667
665 2097
665 2098
666 1334
667 844
667 1634
667 1805
667 1806
667 1874
668 669
668 670
669 1021
670 684
670 1828
670 1836
670 2109
670 2541
670 2545
671 672
671 673
671 674
671 675
672 674
672 1235
672 1238
672 1275
672 1369
672 2206
673 675
674 1275
676 677
677 711
677 1229
677 1413
677 1507
677 1645
677 2137
677 2217
677 2308
677 2458
677 2534
677 2648
678 679
678 680
678 681
679 1113
679 1114
679 1115
679 1116
679 1117
679 1118
679 1119
679 1120
679 1121
679 1122
679 1123
679 1124
679 1125
679 1126
679 1127
679 1128
680 855
680 1128
681 1128
682 683
682 684
683 1010
683 2408
683 2612
684 1415
684 1682
684 1871
684 2226
684 2251
684 2506
685 1951
686 687
686 688
686 689
686 690
686 691
686 692
686 693
686 694
686 695
686 696
686 697
687 2339
688 1191
688 2001
689 695
691 1007
691 1787
692 697
692 971
692 972
692 1224
692 1225
692 1226
693 696
694 696
697 1224
697 1772
698 700
701 702
701 703
703 2010
703 2585
704 705
704 735
704 737
704 765
704 766
704 767
704 768
704 769
704 770
705 706
706 861
706 1591
706 2671
707 708
707 709
707 710
707 711
707 712
708 711
708 712
708 1228
708 1617
708 1618
709 712
709 820
710 984
710 1137
711 712
712 1228
712 1229
712 1617
712 1618
714 1406
715 846
715 2418
716 717
717 847
717 848
718 719
718 720
718 721
719 720
719 721
720 721
720 731
722 723
722 724
723 997
723 998
723 999
723 1000
725 726
725 727
725 728
725 729
726 728
726 730
727 729
728 730
731 732
734 735
734 736
734 737
735 736
735 861
738 739
738 740
738 741
738 742
738 743
739 740
739 741
739 742
739 743
739 921
739 960
739 1386
739 1399
739 1942
739 1943
740 741
740 742
740 743
740 921
740 1042
740 1449
740 1540
740 1648
740 1651
740 1676
740 1902
740 1942
740 1943
740 2365
740 2535
740 2542
740 2597
741 921
742 743
742 921
743 921
744 745
744 746
744 747
745 746
745 747
745 930
745 931
745 1038
745 1039
745 1186
745 1252
745 1495
745 1496
745 1559
746 2030
747 2030
748 749
748 750
748 751
749 877
749 1323
749 1462
749 1463
749 1503
749 1581
749 1583
749 1594
749 1723
749 2058
749 2400
750 884
750 885
752 901
752 1763
752 2149
752 2486
753 2158
754 798
754 2013
755 763
755 764
755 899
755 900
755 901
755 902
756 757
756 758
756 759
756 760
757 758
757 759
757 1369
757 2037
759 2516
760 1368
760 1521
761 762
762 838
762 1193
762 1749
762 2025
762 2026
762 2027
762 2028
762 2029
763 764
764 816
766 861
766 2167
767 860
768 860
769 1380
770 2427
771 772
771 773
771 774
772 773
772 774
772 970
772 1867
772 1868
772 2158
773 1169
773 2046
774 2349
775 776
775 777
776 777
776 778
777 778
778 2384
778 2577
779 780
781 782
781 783
783 855
783 1054
784 785
784 786
784 787
784 788
784 789
784 790
785 790
787 788
787 790
787 2174
788 790
791 792
793 794
794 2346
795 796
795 797
798 799
800 801
800 802
800 803
801 1276
802 1466
802 2205
802 2391
802 2431
802 2432
802 2433
803 2375
803 2572
804 805
805 1448
805 1675
805 1677
805 1679
807 808
807 809
807 810
807 811
807 812
808 811
808 1434
808 2257
808 2258
808 2259
808 2260
808 2261
808 2262
809 811
811 2260
811 2490
812 859
812 927
812 1485
814 815
815 1415
815 1416
816 1476
816 2451
817 818
818 1196
819 820
819 821
820 821
820 832
820 837
820 846
820 1199
820 1479
822 823
822 824
823 824
825 826
827 828
827 829
827 830
827 831
828 830
828 1041
828 1204
828 1772
829 830
829 831
829 1204
832 833
832 834
832 835
833 834
833 1478
833 1479
833 2051
834 1190
834 1436
834 1478
834 1479
835 983
835 1352
835 1478
835 1479
835 2069
835 2315
839 840
840 1220
840 2050
840 2526
840 2707
842 845
844 941
845 1919
845 2418
845 2493
845 2586
846 1458
846 1663
846 2230
846 2498
847 1209
847 1210
848 924
848 1110
848 1161
848 1559
849 850
850 1708
850 2426
851 852
852 1157
852 1684
852 2217
852 2660
854 855
855 868
855 869
855 949
855 950
855 953
855 1050
855 1051
855 1115
855 1178
855 1318
855 1319
855 1320
855 1322
855 1348
855 1550
855 1552
855 2076
855 2077
855 2081
855 2082
855 2118
855 2290
855 2291
855 2443
855 2446
856 857
856 858
856 859
857 928
858 859
859 927
859 928
860 861
860 862
860 863
860 864
860 865
860 866
860 867
861 1500
861 1501
861 1502
861 1503
862 1650
862 2378
863 1347
863 1983
863 1984
864 2274
864 2452
865 1972
866 2546
868 869
869 949
869 951
869 952
869 953
869 1178
869 1179
869 1318
869 1319
869 1321
869 1322
869 1550
869 1551
869 2076
869 2077
869 2081
869 2082
870 871
870 872
872 1229
872 1265
874 875
876 877
876 878
877 878
877 937
877 1211
877 1583
877 1937
877 2345
877 2346
880 881
883 884
883 885
884 1595
885 1595
886 887
886 888
888 1569
888 1949
889 890
889 891
889 892
889 893
890 892
890 893
890 967
890 969
890 996
890 1283
890 1599
890 1962
890 2064
890 2197
890 2501
891 892
892 2501
893 1283
894 895
894 896
894 897
894 898
895 1560
895 1616
896 1300
896 1301
896 1302
896 1303
896 1652
896 1653
896 1654
896 1655
896 1656
896 1657
896 1658
897 1055
897 1056
897 2286
898 1308
899 1284
900 903
900 904
902 1142
903 904
903 2072
905 906
908 1571
909 1106
910 1571
911 912
912 2665
912 2687
912 2688
913 914
914 1219
914 1243
914 2502
915 1141
915 1161
920 1295
920 1641
923 924
923 925
923 926
924 925
924 926
924 996
924 1363
924 1514
924 1558
924 1571
924 1650
924 1669
924 2013
924 2032
924 2327
924 2328
924 2329
924 2330
924 2331
925 926
925 994
926 994
926 2038
927 2596
929 930
929 931
930 931
930 1366
930 1367
930 1561
930 1581
930 1631
930 1632
930 1633
931 1134
931 1736
931 1737
931 2573
932 933
932 934
934 2253
935 936
935 937
936 937
936 1597
936 2075
937 2075
937 2345
938 939
940 941
940 942
940 943
941 1461
942 943
942 1417
943 1374
943 1417
944 945
944 946
945 946
945 1363
945 1492
946 1398
947 948
949 950
949 951
949 952
949 953
950 951
950 953
950 1320
950 1552
950 1553
950 2081
954 955
954 956
955 1350
955 1530
955 1603
955 1858
955 1865
955 1866
956 1665
956 1967
956 1969
956 2575
957 958
959 1407
959 2315
961 962
962 1935
962 2039
963 1859
963 1951
963 1982
963 2408
965 966
966 1227
967 968
967 969
968 969
968 1471
968 2078
971 972
972 1052
972 1053
972 1225
973 974
973 975
973 976
973 977
974 977
974 1286
974 1431
974 1606
974 1831
974 1864
974 1985
974 2141
974 2476
975 1218
975 1219
975 1243
975 1431
975 1764
975 2141
975 2502
976 977
976 1296
976 1431
976 1481
976 1482
976 1483
976 1484
979 980
979 981
979 982
979 983
980 1516
980 1659
980 1660
981 1062
981 1918
981 1920
981 2006
981 2498
982 983
982 1699
983 1612
983 2006
984 985
984 986
985 1803
987 988
987 989
988 1101
988 1134
988 1212
988 1512
988 1513
988 1598
988 2111
988 2616
989 1101
989 1230
989 1512
989 1513
989 1598
989 1936
989 2160
989 2238
989 2616
989 2684
990 1154
990 1155
992 1023
992 1026
994 995
994 996
995 2038
995 2267
996 1276
997 999
997 1058
997 2127
997 2253
999 1508
999 1750
999 1751
999 1752
999 1753
1000 1058
1000 1060
1002 1003
1002 1004
1003 1004
1003 1256
1003 1257
1003 1258
1003 1259
1003 1260
1004 1256
1005 1006
1005 1007
1006 1932
1007 1891
1007 1928
1007 1929
1007 1930
1007 1931
1008 1009
1008 1010
1010 1859
1011 1012
1011 1013
1011 1014
1012 1013
1012 1014
1012 1514
1012 1620
1012 2349
1012 2532
1013 1014
1014 1387
1014 2532
1015 1016
1016 1741
1016 2362
1016 2363
1016 2364
1016 2365
1016 2366
1017 2636
1019 1020
1020 1070
1020 1071
1021 1031
1023 1056
1023 1801
1023 2174
1023 2479
1023 2568
1024 2303
1025 2451
1026 1056
1026 2174
1027 1927
1028 1029
1028 1030
1029 1153
1029 2414
1030 2414
1031 1032
1032 1158
1032 1354
1033 1034
1035 1036
1036 1726
1037 1134
1038 1039
1038 1040
1038 1041
1039 1251
1039 1495
1039 1496
1039 1559
1039 2135
1039 2201
1040 1499
1040 1539
1040 2017
1040 2240
1040 2352
1040 2353
1040 2461
1040 2463
1040 2469
1040 2470
1040 2472
1040 2473
1041 1166
1043 1044
1044 2239
1045 1046
1047 1048
1049 1050
1049 1051
1050 2081
1050 2082
1051 2081
1051 2082
1052 1053
1053 2295
1053 2684
1054 2101
1054 2102
1055 1056
1055 1057
1056 1162
1056 1164
1057 1447
1057 1708
1058 1059
1058 1060
1058 1061
1059 1060
1059 1751
1059 1752
1059 1753
1059 1953
1059 2011
1059 2012
1060 2511
1061 1399
1061 2278
1064 1065
1064 1066
1064 1067
1065 1068
1066 1077
1066 1080
1066 1097
1066 1102
1066 1103
1066 1104
1066 1105
1066 1201
1067 1102
1068 1069
1070 1471
1071 1470
1073 1096
1075 1096
1076 1335
1076 1475
1076 1646
1076 1647
1077 1341
1078 1094
1078 1834
1079 1091
1080 1092
1080 1097
1081 1091
1082 2054
1082 2444
1083 1091
1084 1201
1085 1701
1086 1316
1087 2054
1088 1098
1089 2444
1090 1192
1090 1215
1090 1216
1090 1231
1090 1287
1090 1289
1090 1290
1090 1291
1090 1629
1090 1630
1090 1820
1090 1856
1090 1857
1090 1858
1090 1925
1090 1939
1090 2411
1090 2467
1090 2536
1091 1095
1091 1103
1092 1838
1093 2533
1095 1167
1096 2334
1098 1504
1098 2425
1098 2613
1100 1357
1101 1186
1103 2083
1104 1105
1105 2444
1107 1108
1109 1110
1109 1111
1109 1112
1110 1439
1110 1441
1110 1905
1110 2420
1111 1112
1111 1269
1111 2420
1112 1277
1113 1126
1114 1123
1114 1203
1115 2204
1116 1122
1116 1124
1116 1126
1117 1126
1117 2563
1118 1126
1119 1126
1120 1893
1121 2563
1122 1124
1122 1126
1123 1124
1123 1125
1123 1126
1123 1175
1124 1125
1124 1128
1125 1126
1126 1128
1126 1175
1126 2204
1126 2256
1126 2265
1126 2443
1127 2442
1129 1130
1129 1131
1129 1132
1129 1133
1133 1307
1135 1136
1136 1500
1136 1664
1138 1139
1138 1140
1138 1141
1139 1158
1140 1342
1142 1146
1142 1147
1143 1949
1143 2274
1144 2122
1145 1700
1149 1150
1151 1152
1151 1153
1152 1384
1153 1196
1153 1197
1154 1155
1154 2396
1155 1281
1155 1733
1156 1444
1157 1158
1157 1159
1158 1397
1159 1493
1159 1669
1160 1161
1161 1533
1161 1669
1162 1163
1162 1164
1162 1165
1163 1164
1163 2131
1164 2131
1168 1169
1169 1867
1170 2693
1171 1310
1171 1541
1172 1173
1176 1177
1178 1179
1180 1181
1181 1974
1182 1183
1183 1422
1183 1424
1184 1185
1184 1186
1184 1187
1187 2112
1188 1189
1189 1776
1189 2149
1190 1191
1190 1192
1192 1215
1192 1287
1192 1288
1192 1289
1192 1290
1192 1291
1194 1195
1196 1233
1196 1234
1196 1235
1196 1236
1196 1238
1196 1369
1196 2035
1196 2049
1196 2206
1196 2273
1196 2530
1198 1199
1198 1200
1199 1464
1199 1465
1199 1466
1201 1838
1204 2014
1205 1206
1207 1208
1209 1670
1210 2413
1211 1212
1211 1213
1212 1561
1212 1779
1212 1780
1212 1781
1212 1782
1212 1783
1212 1784
1212 1785
1212 1786
1212 1787
1213 1785
1213 2065
1215 1216
1216 1288
1216 1291
1216 1925
1217 1218
1217 1219
1218 1296
1218 1431
1218 1482
1218 1764
1218 1765
1218 2000
1219 1247
1219 2502
1222 1223
1223 1569
1223 2207
1224 1954
1225 1772
1226 1823
1227 1720
1228 1229
1229 1617
1229 1618
1229 1669
1229 2217
1230 1231
1231 1335
1231 1772
1231 1774
1231 1775
1231 1929
1231 1936
1231 1937
1231 2030
1232 1233
1232 1234
1232 1235
1232 1236
1232 1237
1232 1238
1232 1239
1234 1235
1234 1368
1234 1369
1235 1369
1235 2206
1236 1237
1237 2037
1238 1368
1238 1369
1238 1380
1240 1241
1240 1242
1241 1242
1241 1279
1242 1279
1243 1247
1243 2141
1244 1245
1244 1246
1245 1246
1246 1247
1246 1248
1246 1249
1247 2502
1248 1317
1248 1482
1250 1251
1250 1252
1250 1253
1250 1254
1251 1989
1251 1990
1252 1495
1254 1736
1254 1737
1256 1259
1256 1260
1256 1556
1256 1557
1256 2292
1259 1445
1259 1446
1259 1447
1259 1788
1260 1556
1260 1557
1260 2292
1261 1262
1261 1263
1261 1264
1262 1263
1262 1264
1265 1804
1266 1267
1266 1268
1266 1269
1267 1269
1269 1339
1269 1498
1269 1748
1269 1872
1269 2663
1270 1764
1270 1940
1271 1272
1271 1273
1271 1274
1272 1273
1272 1274
1273 1274
1275 1369
1275 1433
1275 1519
1276 1362
1276 1458
1276 2097
1277 1392
1280 1281
1280 1282
1280 1283
1281 2479
1281 2480
1281 2652
1282 1283
1282 2480
1283 1962
1283 2219
1283 2501
1283 2607
1285 1853
1285 2561
1286 1764
1286 2477
1286 2630
1287 1288
1287 1289
1287 1629
1287 1856
1287 1857
1287 1858
1288 1289
1288 1290
1288 1629
1288 1856
1288 1857
1288 1858
1288 1939
1288 1946
1289 1856
1289 1857
1289 1858
1289 1925
1290 1858
1291 1820
1292 1293
1294 1468
1294 1724
1294 2183
1294 2460
1294 2466
1295 1525
1296 1482
1298 1299
1299 1791
1299 1841
1299 1912
1299 1915
1299 1916
1300 1301
1300 1302
1300 1303
1300 1304
1301 1652
1302 1303
1302 1304
1302 1654
1302 1658
1303 2045
1304 1655
1305 1306
1305 1307
1306 1756
1306 1757
1306 1758
1306 1759
1307 1758
1307 1759
1307 2337
1308 1309
1310 1311
1310 1312
1311 1983
1312 1346
1312 2287
1313 1314
1313 1315
1315 2337
1316 1924
1318 1319
1318 1320
1318 1321
1318 1322
1321 1322
1323 1324
1323 1325
1323 1326
1323 1327
1323 1328
1323 1329
1324 1462
1324 1463
1325 1462
1325 1582
1325 1633
1325 1724
1326 1327
1326 1711
1327 2703
1328 1329
1330 1331
1330 1332
1331 1332
1333 1334
1335 1438
1335 1544
1335 1545
1335 1546
1337 1338
1337 1339
1337 1340
1337 1341
1338 1340
1338 1341
1338 1833
1338 1834
1338 1835
1338 2591
1338 2592
1339 1340
1339 1833
1339 1834
1339 1835
1339 2592
1339 2593
1340 1833
1340 1834
1340 1835
1343 1344
1343 1345
1344 1808
1345 1718
1345 1808
1346 1347
1346 1348
1346 1349
1347 2533
1347 2539
1348 1893
1348 2102
1348 2204
1348 2264
1348 2443
1349 2539
1352 1682
1357 2026
1358 1359
1359 1861
1359 1862
1359 1960
1360 1361
1362 1363
1363 1386
1363 1394
1363 1395
1363 1396
1363 1397
1363 1398
1363 1399
1363 1400
1363 1401
1363 1402
1364 1365
1365 1463
1365 1583
1365 1594
1366 1367
1367 1561
1367 1631
1367 1632
1368 1369
1368 1521
1368 1524
1368 2206
1368 2273
1368 2305
1368 2306
1368 2307
1368 2385
1368 2516
1368 2706
1369 1519
1369 1522
1369 1523
1369 1524
1369 2159
1369 2206
1369 2273
1369 2385
1370 1575
1373 1836
1373 1975
1373 2222
1374 1380
1374 2122
1374 2562
1374 2626
1374 2627
1374 2628
1375 1987
1376 2226
1376 2323
1376 2562
1377 1574
1377 1575
1378 1725
1379 1380
1380 1610
1380 1825
1380 2110
1380 2195
1380 2415
1380 2626
1380 2627
1381 1382
1381 1383
1382 1383
1384 1385
1385 2524
1387 1388
1387 1389
1387 1390
1388 1389
1388 2316
1389 1390
1389 2039
1389 2492
1391 1392
1391 1393
1392 2205
1392 2431
1392 2432
1392 2433
1392 2572
1392 2632
1394 2071
1395 1399
1395 2083
1396 1401
1397 1399
1398 1493
1399 1493
1402 1514
1402 2071
1403 1404
1403 1405
1404 1406
1405 1406
1405 1875
1406 1407
1407 2315
1407 2359
1408 1409
1409 2581
1409 2582
1410 1411
1410 1412
1412 1533
1412 1688
1412 1886
1412 1887
1413 1435
1417 1418
1419 1420
1419 1421
1419 1422
1419 1423
1419 1424
1419 1425
1420 1510
1421 1424
1421 1510
1421 1563
1421 1564
1422 1424
1423 1424
1423 1564
1423 2293
1423 2668
1424 1425
1424 1563
1424 1564
1424 1995
1424 2293
1425 1995
1426 1427
1426 1428
1429 2105
1432 2421
1433 1434
1435 1436
1435 1437
1436 1703
1437 2202
1437 2550
1437 2631
1439 1440
1439 1441
1440 2167
1440 2169
1441 1905
1441 2420
1441 2670
1443 1535
1445 1446
1445 1447
1446 2594
1447 1978
1448 1798
1450 2380
1452 1453
1452 2000
1453 2000
1454 2232
1455 1456
1455 1457
1459 1460
1463 2057
1466 1476
1467 1468
1467 1469
1468 2460
1470 1471
1471 1957
1471 2078
1472 1473
1472 1474
1472 1475
1473 1606
1473 1765
1474 1475
1474 2106
1475 1647
1475 2106
1476 1477
1477 1706
1477 1727
1478 1479
1481 1483
1482 1483
1484 1916
1486 1487
1488 1489
1491 2047
1492 1493
1494 1920
1494 1938
1495 1496
1495 1497
1497 1635
1498 1499
1499 2014
1500 1726
1501 2623
1506 1908
1506 2039
1507 2054
1509 1952
1509 2054
1509 2055
1509 2056
1511 1512
1511 1513
1512 1513
1512 1710
1514 1515
1514 1516
1514 1517
1514 1518
1515 1567
1516 2071
1517 1713
1517 2018
1518 2038
1518 2071
1518 2447
1519 1520
1519 1521
1519 1522
1519 1523
1519 1524
1520 2159
1521 2305
1523 2206
1527 1528
1527 1529
1528 1529
1528 2100
1529 2441
1530 1531
1533 2455
1534 1535
1534 1536
1535 1536
1535 2634
1537 1538
1538 2188
1538 2189
1538 2190
1538 2372
1538 2665
1540 1541
1541 1648
1541 1651
1542 1543
1543 2507
1544 1545
1544 2136
1545 2136
1546 1612
1546 2041
1546 2042
1547 1548
1547 1549
1552 1553
1552 2443
1554 1555
1555 2577
1555 2642
1556 1557
1557 2292
1558 1559
1559 1770
1559 1814
1559 2283
1559 2356
1559 2357
1559 2358
1562 1920
1562 2092
1563 1564
1564 2293
1565 1566
1567 1568
1570 2272
1571 1861
1571 2034
1576 1577
1576 1578
1577 2188
1577 2189
1577 2190
1581 1582
1581 1583
1582 1709
1584 1585
1585 2002
1586 1587
1586 1588
1586 1589
1587 1589
1587 2506
1588 1589
1588 2225
1588 2315
1588 2360
1592 1593
1595 1633
1596 1597
1596 1598
1600 2100
1601 1602
1605 1863
1605 1985
1605 2629
1606 2475
1606 2476
1606 2477
1607 2008
1607 2196
1608 1609
1608 1610
1609 2074
1609 2317
1609 2571
1610 2073
1610 2317
1612 1613
1612 1614
1612 1615
1613 2148
1614 2637
1615 2547
1623 1624
1625 1626
1625 1627
1626 1668
1629 1630
1630 1820
1630 1856
1630 1857
1630 2424
1635 1637
1635 1947
1635 1948
1635 1949
1636 1741
1637 2090
1638 1639
1638 1640
1639 1640
1641 1642
1643 1644
1646 1647
1646 1762
1649 1650
1652 1658
1653 2073
1653 2074
1654 1656
1655 1658
1656 1658
1661 1662
1661 1663
1661 1664
1662 2167
1664 2031
1669 1817
1669 1850
1669 1966
1669 1967
1669 1968
1669 2068
1669 2071
1669 2129
1669 2176
1669 2308
1669 2389
1669 2390
1669 2391
1669 2392
1669 2393
1669 2394
1669 2395
1671 1672
1673 1674
1674 1808
1674 1912
1674 2005
1674 2190
1674 2325
1674 2326
1675 1676
1675 1677
1675 1678
1675 1679
1677 1720
1680 1681
1682 1875
1683 1684
1683 1685
1684 1685
1684 1932
1687 1688
1688 2302
1689 1705
1689 2303
1689 2304
1691 2173
1692 1749
1693 2324
1694 2499
1700 1873
1702 1988
1703 2606
1704 2280
1704 2281
1704 2282
1704 2395
1704 2497
1705 1706
1706 1800
1706 1894
1706 2368
1708 2279
1709 1711
1709 1712
1709 2058
1709 2376
1709 2400
1709 2462
1710 1712
1710 2241
1710 2242
1712 1952
1714 2040
1715 1716
1717 1718
1718 1808
1719 1720
1719 1721
1719 1722
1720 1721
1720 1722
1722 2089
1726 2137
1728 1729
1728 1730
1728 1731
1729 1730
1729 2638
1730 1981
1730 2033
1730 2144
1730 2638
1731 2088
1732 1733
1734 1735
1736 2411
1737 2411
1738 1739
1741 1943
1741 2365
1741 2366
1742 1743
1743 2295
1745 1746
1746 2487
1746 2488
1747 1748
1749 2026
1750 1751
1750 1973
1750 1974
1750 1975
1751 2011
1752 1753
1754 1755
1755 2009
1757 2095
1760 1761
1762 1892
1763 1891
1763 1892
1764 1765
1764 1766
1764 1767
1764 1768
1766 2093
1767 1959
1768 2093
1768 2094
1770 1771
1771 2229
1771 2528
1772 1773
1772 1774
1772 1775
1774 1937
1774 2030
1775 1937
1777 1778
1779 1780
1779 2399
1780 1781
1780 1783
1780 1784
1780 1785
1780 2065
1780 2086
1780 2335
1780 2398
1780 2399
1780 2400
1780 2401
1781 1784
1781 2075
1782 1784
1782 2412
1783 1784
1783 2075
1784 1785
1784 1786
1784 2065
1784 2066
1785 2075
1787 2218
1790 2002
1791 1841
1791 1912
1791 1916
1792 1808
1792 2004
1792 2005
1794 2625
1795 1796
1798 2248
1798 2495
1799 1800
1799 1801
1799 1802
1800 1893
1800 1894
1801 1802
1801 2175
1802 2277
1807 2271
1808 2004
1808 2005
1808 2231
1809 1810
1810 2157
1811 1812
1812 1835
1812 2494
1812 2495
1812 2496
1814 1815
1814 1816
1815 1816
1819 1820
1820 1922
1820 2423
1820 2424
1822 1823
1822 1824
1823 1824
1823 1955
1823 2014
1823 2240
1823 2338
1823 2339
1823 2352
1823 2353
1826 1827
1829 1860
1829 1953
1830 1831
1830 1832
1832 1855
1832 2143
1836 1871
1836 1975
1836 2008
1836 2222
1836 2223
1836 2224
1836 2225
1836 2226
1837 1838
1838 2672
1839 1840
1841 1842
1841 1912
1841 1913
1841 1914
1841 1915
1841 1916
1843 1844
1843 1845
1843 1846
1843 1847
1843 1848
1843 1849
1843 1850
1843 1851
1843 1852
1847 2002
1848 1891
1848 2150
1850 1966
1850 1967
1850 1968
1850 1969
1851 1852
1851 2486
1852 2486
1853 1854
1853 1855
1854 1855
1855 2000
1861 1862
1863 1864
1864 1985
1864 1986
1864 2040
1864 2475
1864 2629
1867 1868
1868 2046
1869 1870
1873 2266
1876 1877
1878 1879
1878 1880
1878 1881
1878 1882
1878 1883
1879 2073
1879 2074
1879 2309
1879 2310
1879 2311
1879 2317
1880 1881
1880 1882
1880 1883
1880 2284
1881 1882
1882 2033
1883 2283
1883 2284
1883 2438
1884 1885
1885 2006
1885 2497
1886 1940
1886 1959
1886 1969
1886 2216
1886 2513
1888 1889
1888 1890
1889 1890
1889 2491
1890 2342
1890 2624
1890 2690
1891 2000
1891 2150
1892 2000
1892 2141
1893 2191
1893 2291
1894 2191
1895 1896
1895 1897
1895 1898
1896 1897
1896 1942
1896 2103
1897 1898
1897 1942
1898 2059
1898 2238
1898 2661
1899 2440
1900 1906
1900 2167
1901 1907
1906 2373
1909 2212
1910 1911
1910 1934
1910 1935
1912 1915
1917 2580
1918 1920
1919 2032
1920 1938
1920 2092
1920 2397
1921 1981
1922 1923
1922 1924
1926 2137
1926 2407
1927 2646
1934 2384
1935 2245
1936 1937
1937 2160
1937 2161
1940 1941
1943 2364
1943 2365
1943 2534
1943 2535
1944 1945
1944 1946
1946 2104
1946 2183
1947 2685
1949 2197
1950 1951
1951 2453
1954 1955
1954 1956
1958 1959
1958 1960
1959 2056
1963 1964
1966 1967
1966 1968
1967 1968
1967 2389
1967 2395
1967 2481
1968 2348
1970 1971
1972 2034
1973 1974
1973 2147
1974 1975
1974 2381
1974 2382
1975 2223
1976 1977
1977 2164
1979 1980
1983 2041
1983 2221
1983 2372
1983 2556
1983 2557
1984 1997
1984 2165
1984 2166
1984 2556
1985 1986
1988 2202
1989 1998
1989 1999
1991 1992
1991 1993
1991 1994
1991 1995
1992 1994
1994 1995
1994 2618
1995 2618
1995 2619
1996 1997
1997 2165
1997 2166
1998 1999
1998 2016
1998 2090
1998 2091
2001 2003
2001 2126
2001 2430
2002 2361
2004 2005
2004 2018
2006 2497
2007 2008
2009 2010
2011 2012
2014 2338
2014 2339
2015 2016
2019 2020
2023 2024
2026 2029
2028 2422
2030 2467
2031 2032
2031 2033
2032 2097
2035 2036
2035 2037
2038 2067
2038 2068
2038 2069
2038 2070
2038 2071
2041 2372
2041 2557
2043 2044
2049 2050
2052 2053
2054 2136
2056 2085
2056 2376
2057 2058
2060 2384
2060 2486
2062 2063
2064 2255
2064 2256
2065 2075
2066 2412
2068 2447
2069 2070
2071 2447
2073 2074
2073 2309
2073 2310
2073 2311
2073 2317
2073 2318
2073 2319
2073 2320
2073 2321
2073 2322
2074 2309
2074 2311
2074 2317
2074 2320
2076 2077
2077 2446
2081 2082
2083 2178
2085 2086
2088 2499
2093 2094
2096 2370
2098 2344
2099 2100
2100 2441
2105 2203
2107 2108
2109 2278
2109 2382
2109 2510
2111 2112
2111 2113
2112 2113
2112 2355
2113 2614
2114 2115
2115 2236
2116 2117
2118 2119
2118 2120
2119 2288
2119 2289
2120 2288
2120 2289
2120 2290
2123 2124
2123 2125
2126 2127
2128 2129
2132 2133
2134 2135
2138 2139
2139 2658
2140 2141
2142 2143
2144 2145
2146 2147
2147 2374
2149 2150
2151 2152
2153 2154
2153 2155
2153 2156
2154 2155
2154 2156
2158 2348
2158 2349
2162 2163
2165 2166
2165 2615
2167 2168
2167 2169
2168 2574
2170 2333
2171 2172
2174 2175
2175 2396
2179 2180
2182 2183
2182 2184
2183 2184
2183 2187
2185 2186
2186 2300
2186 2422
2188 2377
2189 2303
2189 2378
2190 2357
2190 2639
2192 2193
2192 2194
2196 2440
2198 2199
2200 2201
2202 2203
2204 2256
2204 2264
2204 2265
2206 2273
2208 2209
2210 2211
2213 2214
2213 2215
2216 2486
2217 2308
2219 2607
2220 2275
2220 2276
2226 2323
2227 2228
2232 2233
2234 2235
2241 2341
2244 2249
2244 2254
2245 2254
2246 2323
2247 2635
2249 2254
2251 2381
2251 2382
2251 2383
2253 2381
2256 2512
2257 2259
2258 2261
2260 2490
2262 2436
2262 2437
2264 2291
2265 2512
2268 2269
2274 2378
2275 2276
2276 2395
2280 2281
2280 2282
2281 2282
2281 2395
2281 2497
2281 2507
2282 2395
2283 2284
2288 2290
2289 2290
2298 2299
2303 2568
2303 2666
2304 2643
2305 2306
2305 2307
2306 2307
2309 2310
2309 2311
2310 2318
2311 2317
2312 2313
2312 2314
2313 2314
2313 2354
2314 2689
2315 2359
2315 2360
2317 2531
2319 2321
2319 2404
2320 2321
2320 2404
2321 2531
2322 2599
2325 2326
2327 2330
2327 2331
2330 2331
2332 2685
2338 2339
2338 2340
2342 2343
2344 2679
2347 2348
2347 2349
2348 2455
2354 2461
2354 2473
2358 2427
2359 2360
2364 2534
2365 2366
2365 2534
2365 2535
2367 2368
2367 2369
2373 2508
2377 2378
2377 2379
2379 2614
2381 2382
2381 2383
2382 2383
2382 2510
2382 2511
2386 2387
2390 2393
2390 2394
2392 2393
2393 2394
2402 2403
2405 2406
2409 2410
2416 2417
2421 2464
2423 2424
2427 2479
2428 2429
2434 2435
2447 2680
2449 2525
2449 2636
2456 2457
2458 2459
2459 2657
2461 2468
2465 2471
2472 2474
2472 2570
2475 2476
2475 2477
2478 2479
2478 2480
2479 2480
2482 2483
2484 2485
2487 2488
2487 2489
2493 2538
2495 2496
2495 2593
2497 2498
2503 2504
2504 2529
2506 2514
2506 2667
2508 2509
2510 2511
2515 2516
2517 2518
2543 2544
2551 2552
2551 2553
2551 2554
2551 2555
2552 2554
2552 2555
2553 2555
2558 2559
2565 2566
2567 2568
2568 2666
2576 2579
2587 2588
2589 2590
2590 2650
2594 2595
2610 2624
2618 2620
2619 2620
2620 2669
2621 2622
2628 2649
2633 2634
2638 2662
2639 2698
2647 2686
2659 2663
2673 2675
2674 2675
2677 2678
2682 2683
2691 2692
2694 2695
2696 2697
2699 2700
2699 2701
2701 2702
2704 2705
