0 1
0 2
0 3
0 4
0 5
0 6
0 24
0 77
0 263
0 305
0 910
0 1707
0 2030
1 4
1 263
1 289
1 305
1 372
1 429
1 436
1 486
1 910
1 968
1 1846
2 520
2 1707
3 22
3 25
3 26
3 27
3 28
3 30
3 32
3 33
3 34
3 35
3 36
3 77
3 150
3 161
3 180
3 309
3 331
3 339
3 340
3 342
3 356
3 357
3 360
3 361
3 375
3 376
3 380
3 424
3 425
3 429
3 430
3 431
3 442
3 444
3 445
3 459
3 460
3 461
3 462
3 463
3 503
3 504
3 508
3 609
3 619
3 629
3 673
3 674
3 733
3 738
3 887
3 888
3 949
3 1032
3 1557
4 5
4 40
4 263
4 305
4 482
4 490
4 492
4 630
4 632
4 633
4 910
4 1792
5 9
5 14
5 62
5 63
5 67
5 70
5 85
5 93
5 96
5 98
5 99
5 101
5 104
5 108
5 184
5 185
5 190
5 202
5 214
5 218
5 233
5 239
5 241
5 258
5 259
5 262
5 263
5 265
5 269
5 285
5 294
5 295
5 296
5 298
5 304
5 305
5 318
5 352
5 364
5 387
5 391
5 415
5 417
5 434
5 436
5 437
5 446
5 458
5 470
5 481
5 508
5 511
5 519
5 521
5 523
5 535
5 554
5 556
5 568
5 570
5 571
5 594
5 621
5 622
5 628
5 630
5 636
5 658
5 659
5 665
5 668
5 671
5 681
5 693
5 730
5 740
5 742
5 752
5 753
5 758
5 759
5 765
5 770
5 771
5 779
5 784
5 789
5 791
5 796
5 800
5 803
5 841
5 842
5 849
5 864
5 866
5 887
5 891
5 906
5 907
5 910
5 926
5 935
5 953
5 955
5 962
5 973
5 1028
5 1038
5 1046
5 1052
5 1055
5 1077
5 1078
5 1084
5 1085
5 1093
5 1094
5 1096
5 1105
5 1129
5 1141
5 1142
5 1155
5 1164
5 1175
5 1185
5 1193
5 1237
5 1242
5 1244
5 1261
5 1267
5 1268
5 1269
5 1299
5 1301
5 1313
5 1321
5 1326
5 1341
5 1377
5 1378
5 1379
5 1392
5 1407
5 1428
5 1429
5 1430
5 1445
5 1454
5 1461
5 1466
5 1479
5 1482
5 1483
5 1484
5 1488
5 1498
5 1501
5 1507
5 1508
5 1523
5 1537
5 1555
5 1556
5 1564
5 1586
5 1587
5 1609
5 1613
5 1638
5 1651
5 1657
5 1699
5 1737
5 1743
5 1744
5 1755
5 1766
5 1783
5 1804
5 1818
5 1828
5 1832
5 1843
5 1849
5 1855
5 1857
5 1862
5 1867
5 1875
5 1876
5 1882
5 1892
5 1893
5 1898
5 1905
5 1906
5 1907
5 1917
5 1918
5 1919
5 1922
5 1942
5 1944
5 1945
5 1947
5 1951
5 1953
5 1964
5 1985
5 1995
5 2002
5 2017
5 2045
5 2052
5 2058
5 2072
5 2073
5 2075
5 2078
5 2084
5 2109
5 2111
5 2121
5 2133
5 2140
5 2147
5 2149
5 2157
5 2170
5 2180
5 2201
5 2211
5 2215
5 2229
5 2251
5 2252
5 2253
5 2256
5 2258
5 2289
5 2292
5 2293
5 2317
5 2330
5 2332
5 2335
5 2351
5 2354
5 2361
5 2365
5 2380
5 2403
6 10
6 24
6 32
6 33
6 76
6 77
6 180
6 337
6 339
6 355
6 360
6 376
6 424
6 430
6 431
6 443
6 445
6 499
6 733
6 747
6 755
7 8
7 9
7 1777
8 9
8 14
8 52
8 57
8 75
8 88
8 98
8 104
8 105
8 106
8 107
8 110
8 114
8 115
8 123
8 124
8 127
8 149
8 161
8 169
8 170
8 171
8 172
8 179
8 181
8 187
8 208
8 210
8 222
8 224
8 230
8 252
8 254
8 273
8 278
8 280
8 306
8 319
8 346
8 349
8 350
8 366
8 367
8 369
8 375
8 412
8 429
8 441
8 453
8 461
8 474
8 475
8 480
8 487
8 517
8 519
8 523
8 581
8 586
8 588
8 599
8 601
8 602
8 603
8 605
8 619
8 624
8 644
8 650
8 652
8 653
8 677
8 683
8 685
8 701
8 702
8 703
8 715
8 716
8 718
8 721
8 756
8 760
8 763
8 766
8 775
8 776
8 777
8 795
8 796
8 828
8 840
8 875
8 884
8 903
8 913
8 938
8 939
8 940
8 946
8 947
8 958
8 960
8 963
8 976
8 987
8 988
8 990
8 991
8 993
8 994
8 997
8 998
8 999
8 1000
8 1003
8 1004
8 1005
8 1006
8 1023
8 1024
8 1028
8 1033
8 1053
8 1107
8 1108
8 1109
8 1111
8 1112
8 1113
8 1114
8 1115
8 1117
8 1118
8 1119
8 1120
8 1121
8 1122
8 1123
8 1133
8 1137
8 1171
8 1173
8 1174
8 1175
8 1177
8 1192
8 1216
8 1218
8 1231
8 1241
8 1250
8 1255
8 1274
8 1275
8 1282
8 1302
8 1303
8 1304
8 1306
8 1339
8 1342
8 1406
8 1413
8 1447
8 1480
8 1489
8 1493
8 1494
8 1498
8 1504
8 1505
8 1506
8 1523
8 1531
8 1535
8 1536
8 1537
8 1538
8 1539
8 1540
8 1541
8 1544
8 1545
8 1589
8 1603
8 1670
8 1697
8 1703
8 1704
8 1706
8 1710
8 1711
8 1712
8 1714
8 1715
8 1716
8 1717
8 1720
8 1721
8 1755
8 1770
8 1772
8 1773
8 1775
8 1776
8 1784
8 1785
8 1786
8 1789
8 1791
8 1797
8 1820
8 1827
8 1836
8 1840
8 1845
8 1855
8 1858
8 1870
8 1872
8 1874
8 1900
8 1909
8 1910
8 1911
8 1912
8 1916
8 1932
8 1934
8 1955
8 1970
8 1993
8 1994
8 2012
8 2015
8 2021
8 2022
8 2055
8 2056
8 2059
8 2060
8 2079
8 2080
8 2085
8 2126
8 2152
8 2175
8 2200
8 2201
8 2223
8 2253
8 2288
8 2311
8 2346
8 2349
8 2374
8 2388
8 2391
8 2393
8 2397
9 13
9 14
9 37
9 39
9 43
9 49
9 56
9 59
9 61
9 66
9 68
9 75
9 85
9 94
9 97
9 98
9 101
9 104
9 106
9 107
9 108
9 109
9 110
9 113
9 119
9 120
9 122
9 145
9 147
9 157
9 162
9 164
9 165
9 168
9 210
9 234
9 244
9 252
9 254
9 255
9 257
9 262
9 274
9 279
9 283
9 293
9 294
9 297
9 306
9 320
9 345
9 350
9 362
9 363
9 368
9 370
9 375
9 377
9 379
9 384
9 402
9 419
9 432
9 446
9 447
9 453
9 460
9 464
9 471
9 480
9 485
9 487
9 489
9 490
9 491
9 492
9 493
9 494
9 495
9 500
9 534
9 539
9 544
9 546
9 547
9 550
9 566
9 569
9 571
9 590
9 596
9 598
9 599
9 614
9 644
9 653
9 683
9 726
9 730
9 737
9 760
9 766
9 784
9 810
9 824
9 828
9 883
9 891
9 892
9 909
9 919
9 941
9 959
9 962
9 974
9 991
9 1003
9 1011
9 1012
9 1013
9 1032
9 1039
9 1061
9 1065
9 1087
9 1091
9 1092
9 1128
9 1138
9 1145
9 1161
9 1175
9 1185
9 1186
9 1230
9 1242
9 1248
9 1255
9 1275
9 1286
9 1287
9 1288
9 1308
9 1309
9 1310
9 1313
9 1314
9 1351
9 1364
9 1365
9 1370
9 1414
9 1421
9 1425
9 1446
9 1470
9 1478
9 1509
9 1514
9 1526
9 1568
9 1603
9 1604
9 1606
9 1611
9 1618
9 1619
9 1646
9 1651
9 1657
9 1677
9 1704
9 1710
9 1726
9 1731
9 1737
9 1750
9 1762
9 1771
9 1773
9 1797
9 1806
9 1827
9 1828
9 1841
9 1855
9 1867
9 1870
9 1877
9 1885
9 1909
9 1910
9 1911
9 1912
9 1928
9 1955
9 1956
9 1966
9 1990
9 1994
9 2021
9 2033
9 2058
9 2067
9 2069
9 2118
9 2132
9 2148
9 2175
9 2205
9 2215
9 2220
9 2251
9 2252
9 2253
9 2276
9 2293
9 2315
9 2325
9 2402
10 11
10 12
10 13
10 14
10 15
10 16
10 17
10 18
10 19
10 20
10 21
10 33
10 37
10 44
10 45
10 59
10 72
10 76
10 78
10 85
10 146
10 431
10 439
10 479
10 545
10 685
10 733
10 757
10 840
10 919
10 960
10 1220
10 1243
10 1289
10 1341
10 1473
10 1493
10 1572
10 1605
10 1686
10 1767
10 1842
10 1849
10 1996
10 2081
10 2249
10 2280
11 77
12 405
12 685
13 15
13 17
13 41
13 42
13 43
13 44
13 45
13 46
13 47
13 48
13 49
13 50
13 51
13 90
13 403
13 755
13 766
13 919
13 1437
13 2035
13 2242
14 15
14 16
14 18
14 19
14 20
14 21
14 75
14 104
14 106
14 107
14 108
14 124
14 166
14 169
14 185
14 186
14 187
14 214
14 216
14 218
14 221
14 222
14 223
14 224
14 232
14 242
14 251
14 260
14 261
14 262
14 263
14 264
14 265
14 266
14 267
14 268
14 305
14 307
14 350
14 439
14 441
14 480
14 535
14 549
14 553
14 577
14 588
14 599
14 655
14 720
14 723
14 726
14 749
14 760
14 766
14 785
14 797
14 799
14 840
14 845
14 903
14 910
14 928
14 969
14 978
14 987
14 1016
14 1028
14 1143
14 1165
14 1231
14 1357
14 1464
14 1478
14 1495
14 1567
14 1629
14 1673
14 1678
14 1697
14 1720
14 1721
14 1773
14 1776
14 1780
14 1847
14 1867
14 1998
14 2107
14 2127
14 2157
14 2158
14 2159
14 2165
14 2240
14 2269
14 2270
15 16
15 17
15 18
15 19
15 20
15 21
15 41
15 42
15 43
15 46
15 47
15 48
15 49
15 85
15 87
15 90
15 108
15 144
15 168
15 246
15 402
15 404
15 439
15 450
15 491
15 512
15 572
15 638
15 683
15 739
15 859
15 875
15 1021
15 1138
15 1357
15 1437
15 1458
15 1459
15 1460
15 1605
15 1647
15 1648
15 1649
15 1736
15 1745
15 1831
15 1852
15 1946
15 2089
15 2153
15 2160
15 2169
15 2236
15 2248
15 2375
16 18
16 19
16 20
16 21
16 262
16 295
16 579
16 584
16 585
16 766
16 832
16 835
16 1424
16 2082
17 20
17 41
17 42
17 43
17 46
17 47
17 48
17 49
17 168
17 402
17 403
17 1437
17 1459
17 2089
18 19
18 20
18 21
18 28
18 59
18 77
18 95
18 180
18 354
18 361
18 618
18 823
18 880
18 881
18 882
18 919
18 1043
18 1426
18 2120
19 20
19 21
19 75
19 108
19 354
19 544
19 579
19 582
19 618
19 766
19 771
19 823
19 878
19 879
19 880
19 961
19 1043
19 1044
19 1591
19 1661
19 2120
20 21
20 77
20 108
20 354
20 405
20 574
20 584
20 618
20 684
20 878
20 879
20 880
20 881
20 919
20 1591
20 2120
21 59
21 75
21 95
21 354
21 405
21 491
21 513
21 561
21 618
21 684
21 879
21 880
21 881
21 882
21 1043
21 1426
21 1831
21 1855
21 2120
21 2234
22 23
22 24
22 25
22 26
22 27
22 28
22 29
22 30
22 31
22 32
22 33
22 34
22 35
22 36
22 152
22 156
22 330
22 334
22 339
22 356
22 376
22 430
22 459
22 499
22 504
22 784
22 870
22 1557
22 2141
22 2155
23 26
23 28
23 34
23 342
23 374
23 375
23 376
23 460
23 463
23 766
23 851
23 1221
23 1557
24 25
24 26
24 28
24 32
24 33
24 36
24 55
24 76
24 77
24 84
24 123
24 124
24 126
24 151
24 158
24 180
24 189
24 198
24 248
24 273
24 317
24 331
24 332
24 334
24 335
24 336
24 337
24 338
24 339
24 342
24 343
24 344
24 355
24 356
24 358
24 359
24 360
24 361
24 371
24 375
24 376
24 380
24 410
24 419
24 420
24 421
24 422
24 423
24 424
24 425
24 426
24 427
24 428
24 429
24 430
24 431
24 442
24 443
24 444
24 445
24 459
24 460
24 462
24 475
24 482
24 486
24 497
24 498
24 503
24 505
24 544
24 545
24 566
24 615
24 617
24 619
24 620
24 674
24 675
24 704
24 729
24 733
24 734
24 735
24 737
24 740
24 747
24 768
24 845
24 874
24 895
24 905
24 912
24 919
24 1058
24 1072
24 1207
24 1598
24 1624
24 1682
24 2050
25 26
25 27
25 28
25 29
25 30
25 31
25 33
25 34
25 35
25 36
25 150
25 151
25 161
25 330
25 336
25 375
25 376
25 380
25 429
25 430
25 432
25 459
25 460
25 461
25 462
25 463
25 503
25 504
25 629
25 733
25 747
25 949
25 1557
25 2034
26 27
26 28
26 29
26 30
26 32
26 33
26 34
26 35
26 36
26 150
26 151
26 154
26 156
26 158
26 159
26 161
26 180
26 291
26 311
26 331
26 334
26 335
26 336
26 337
26 339
26 340
26 341
26 342
26 346
26 355
26 356
26 360
26 372
26 375
26 376
26 380
26 394
26 424
26 425
26 429
26 430
26 442
26 444
26 445
26 459
26 460
26 461
26 462
26 463
26 499
26 503
26 504
26 505
26 507
26 508
26 539
26 619
26 629
26 636
26 673
26 674
26 733
26 734
26 738
26 887
26 888
26 892
26 919
26 1020
26 1312
26 1425
26 1505
26 1553
26 1557
26 2083
26 2155
26 2199
27 28
27 30
27 32
27 35
27 36
27 157
27 161
27 180
27 331
27 355
27 375
27 380
27 429
27 459
27 460
27 461
27 462
27 463
27 609
27 1557
28 29
28 30
28 32
28 33
28 34
28 35
28 36
28 62
28 66
28 70
28 74
28 76
28 77
28 133
28 150
28 151
28 152
28 154
28 156
28 158
28 159
28 160
28 161
28 175
28 176
28 180
28 311
28 330
28 331
28 332
28 334
28 335
28 336
28 339
28 341
28 346
28 372
28 375
28 376
28 380
28 382
28 424
28 425
28 429
28 431
28 445
28 459
28 460
28 461
28 462
28 463
28 486
28 503
28 504
28 508
28 539
28 540
28 609
28 629
28 636
28 669
28 673
28 674
28 733
28 747
28 847
28 849
28 887
28 888
28 889
28 892
28 1312
28 1356
28 1469
28 1505
28 1553
28 1557
28 2222
28 2329
29 31
29 33
29 36
29 161
29 180
29 337
29 497
29 504
29 629
29 949
29 957
29 1557
30 34
30 35
30 36
30 157
30 161
30 286
30 289
30 342
30 345
30 375
30 380
30 429
30 459
30 460
30 461
30 462
30 463
30 507
30 508
30 1554
30 1696
30 2244
30 2290
31 121
31 501
32 33
32 34
32 36
32 76
32 77
32 84
32 85
32 124
32 180
32 198
32 330
32 331
32 332
32 334
32 335
32 336
32 337
32 338
32 339
32 340
32 341
32 342
32 343
32 355
32 356
32 358
32 359
32 360
32 361
32 376
32 419
32 420
32 421
32 422
32 423
32 424
32 425
32 426
32 427
32 428
32 430
32 431
32 442
32 444
32 445
32 463
32 497
32 504
32 544
32 545
32 566
32 615
32 617
32 619
32 620
32 629
32 673
32 674
32 675
32 704
32 733
32 734
32 737
32 738
32 747
32 918
32 1550
32 1774
33 34
33 76
33 77
33 84
33 180
33 298
33 332
33 334
33 335
33 336
33 337
33 338
33 339
33 340
33 342
33 355
33 356
33 357
33 358
33 359
33 360
33 361
33 375
33 376
33 419
33 420
33 421
33 422
33 423
33 424
33 425
33 428
33 430
33 431
33 442
33 443
33 444
33 445
33 462
33 471
33 486
33 497
33 498
33 499
33 503
33 504
33 505
33 545
33 620
33 629
33 673
33 675
33 729
33 733
33 738
33 747
33 949
33 1213
33 1557
33 1651
33 1682
34 36
34 149
34 180
34 337
34 356
34 376
34 429
34 442
34 443
34 445
34 463
34 497
34 499
34 503
34 504
34 505
34 544
34 629
34 674
34 729
34 747
34 812
34 949
34 1409
35 36
35 161
35 375
35 380
35 429
35 459
35 460
35 461
35 462
35 463
36 76
36 124
36 161
36 180
36 331
36 339
36 375
36 380
36 424
36 429
36 456
36 459
36 460
36 461
36 462
36 463
36 1557
37 38
37 39
37 40
37 216
37 490
37 1474
40 75
40 108
40 508
40 885
40 992
40 1286
40 1287
40 1288
40 1308
40 1310
40 1370
40 2146
40 2325
41 43
41 46
41 47
41 48
41 49
41 1459
42 43
42 44
42 45
42 46
42 47
42 50
42 51
42 1144
42 1437
43 46
43 47
43 48
43 49
43 50
43 274
43 300
43 976
43 1798
43 1852
43 2242
44 45
44 50
44 51
44 436
44 827
44 1103
45 50
45 51
45 2081
46 47
46 48
46 49
46 404
46 405
46 2242
47 48
47 49
47 100
47 403
47 534
48 49
48 402
48 404
48 572
48 1459
48 1647
49 106
49 168
49 403
50 51
52 53
52 54
52 55
52 56
52 57
52 58
52 59
52 60
52 61
52 62
52 63
52 65
52 378
52 382
53 55
53 60
53 65
53 146
53 793
54 55
54 56
54 61
54 70
54 386
54 2190
55 56
55 61
55 62
55 63
55 64
55 65
55 66
55 67
55 68
55 76
55 106
55 124
55 145
55 146
55 147
55 269
55 333
55 339
55 359
55 378
55 379
55 380
55 381
55 382
55 383
55 384
55 385
55 386
55 387
55 476
55 738
55 793
55 905
55 912
55 1057
55 1251
55 1598
55 1600
55 1807
55 1844
55 1873
55 2190
55 2296
55 2304
55 2330
56 61
57 64
57 67
57 107
57 124
57 125
57 146
57 174
57 176
57 196
57 283
57 323
57 333
57 370
57 381
57 382
57 389
57 556
57 685
57 819
57 847
57 1283
57 1294
57 1970
57 1973
57 1974
57 1975
57 1976
57 1993
57 2048
58 63
58 64
58 65
58 66
58 67
58 68
58 75
58 146
58 151
58 778
59 105
59 109
59 115
59 168
59 181
59 196
59 250
59 255
59 272
59 371
59 485
59 494
59 516
59 556
59 557
59 558
59 559
59 561
59 573
59 581
59 605
59 655
59 861
59 1168
59 1289
59 1291
59 1357
59 1630
59 2278
60 65
60 98
60 208
60 242
60 250
60 286
60 287
60 298
60 306
60 309
60 604
60 624
60 628
60 676
60 679
60 750
60 780
60 790
60 798
60 1060
60 1102
60 1141
60 1185
60 1386
60 1483
60 1551
60 1620
60 1690
60 2004
60 2025
60 2044
60 2205
60 2257
60 2268
60 2327
60 2365
61 62
61 66
61 379
61 382
61 386
61 1873
62 63
62 64
62 65
62 66
62 67
62 68
62 104
62 147
62 158
62 272
62 379
62 381
62 385
62 386
62 1701
62 1807
62 2190
63 64
63 65
63 66
63 67
63 68
64 66
64 67
64 68
64 386
65 145
65 146
65 147
65 148
65 379
65 381
65 387
65 793
66 67
66 146
66 158
66 312
66 379
66 385
66 386
66 689
66 1844
67 68
67 386
67 1057
67 1844
68 146
69 70
69 71
69 72
69 73
69 74
69 75
69 76
69 77
69 78
69 767
69 2346
70 72
70 73
70 78
70 145
70 249
70 272
70 299
70 312
70 348
70 486
70 701
70 760
70 767
70 771
70 781
70 802
70 840
70 870
70 884
70 1087
70 1296
70 1359
70 1447
70 1572
70 1611
70 1846
70 2014
70 2226
70 2381
71 165
71 186
71 379
71 480
71 563
71 705
71 724
71 838
71 865
71 904
71 1031
71 1033
71 1205
71 1629
71 2144
71 2339
72 73
72 78
72 90
72 151
72 152
72 158
72 175
72 311
72 312
72 767
72 968
72 1447
73 78
73 145
73 146
73 151
73 311
73 312
73 682
73 767
73 771
73 968
73 1572
73 1846
74 122
74 126
74 151
74 153
74 154
74 161
74 255
74 292
74 313
74 371
74 388
74 462
74 540
74 541
74 542
74 840
74 943
74 1447
74 1470
74 2079
74 2306
74 2385
75 106
75 107
75 135
75 162
75 163
75 168
75 172
75 181
75 184
75 187
75 196
75 214
75 223
75 229
75 254
75 274
75 305
75 336
75 480
75 516
75 534
75 537
75 538
75 581
75 638
75 691
75 775
75 777
75 778
75 913
75 961
75 1304
75 1305
75 1340
75 1352
75 1413
75 1414
75 1510
75 1563
75 1589
75 1651
75 1726
75 1750
75 1751
75 1791
75 1799
75 1916
75 1993
75 1997
75 1998
75 2001
75 2043
75 2201
75 2346
76 77
76 84
76 124
76 180
76 249
76 311
76 332
76 335
76 336
76 337
76 338
76 339
76 340
76 342
76 343
76 344
76 358
76 359
76 360
76 419
76 420
76 421
76 422
76 423
76 424
76 425
76 426
76 427
76 428
76 430
76 431
76 444
76 471
76 544
76 566
76 673
76 674
76 704
76 734
76 918
76 1055
76 1360
76 1521
76 2067
77 84
77 85
77 95
77 102
77 180
77 287
77 330
77 332
77 334
77 335
77 336
77 337
77 338
77 339
77 342
77 343
77 344
77 355
77 358
77 359
77 360
77 361
77 375
77 419
77 420
77 421
77 422
77 423
77 424
77 425
77 426
77 427
77 428
77 430
77 431
77 442
77 444
77 497
77 498
77 503
77 505
77 545
77 566
77 615
77 616
77 617
77 618
77 619
77 620
77 673
77 674
77 675
77 737
77 812
77 813
77 919
77 1682
78 145
78 249
78 347
78 767
78 1087
78 1611
79 80
79 81
79 82
79 83
79 1468
80 82
80 83
80 140
80 141
80 252
80 324
80 325
80 326
80 327
80 328
80 329
80 362
80 567
80 607
80 724
80 861
80 914
80 915
80 916
80 917
80 932
80 933
80 1021
80 1168
80 1880
80 1895
81 83
81 139
81 141
81 143
81 607
81 1468
82 139
82 142
82 143
82 144
82 1468
82 1895
82 2100
83 139
83 141
83 329
83 916
83 1168
83 1169
83 1468
84 180
84 330
84 332
84 333
84 335
84 336
84 338
84 339
84 340
84 342
84 343
84 358
84 359
84 360
84 379
84 419
84 420
84 421
84 422
84 423
84 424
84 425
84 426
84 427
84 428
84 430
84 431
84 442
84 444
84 486
84 673
84 674
84 918
84 2050
85 86
85 87
85 88
85 89
85 90
85 91
85 92
85 93
85 94
85 95
85 713
85 919
86 87
86 89
86 90
86 91
86 94
86 168
86 404
86 826
86 827
87 90
87 91
87 94
87 168
87 405
87 406
88 93
88 173
88 196
88 791
88 814
88 821
88 935
88 1067
88 1399
88 1855
89 90
89 91
89 94
89 826
89 827
89 1458
89 1468
90 91
90 94
90 122
90 157
90 292
90 296
90 388
90 1631
91 94
91 180
91 502
91 826
91 827
92 151
92 154
92 596
93 98
93 99
93 101
93 184
93 185
93 214
93 233
93 234
93 238
93 239
93 253
93 255
93 258
93 259
93 262
93 294
93 295
93 296
93 303
93 430
93 496
93 535
93 561
93 565
93 625
93 665
93 670
93 700
93 719
93 740
93 765
93 773
93 785
93 796
93 821
93 907
93 937
93 973
93 1061
93 1098
93 1126
93 1141
93 1185
93 1236
93 1240
93 1242
93 1263
93 1293
93 1408
93 1484
93 1563
93 1616
93 1652
93 1657
93 1658
93 1702
93 1783
93 1849
93 1862
93 1945
93 1947
93 1982
93 2131
93 2238
93 2290
93 2293
93 2333
93 2370
93 2381
94 829
95 180
95 354
95 361
95 405
95 618
95 823
95 882
95 919
96 152
96 568
96 569
96 570
96 571
96 1081
96 1428
96 1429
97 98
97 99
97 100
97 101
97 102
98 99
98 101
98 106
98 107
98 162
98 163
98 168
98 181
98 184
98 217
98 233
98 259
98 294
98 298
98 309
98 402
98 535
98 576
98 776
98 919
98 1138
98 1141
98 1149
98 1151
98 1185
98 1621
98 1745
98 1939
98 1949
98 2070
98 2365
99 101
99 102
99 162
99 233
99 259
99 262
99 294
99 296
99 406
99 407
99 714
99 728
99 765
99 1026
99 1072
99 1141
99 1185
99 1855
99 1857
99 1858
99 1964
99 2019
100 122
100 135
100 177
100 283
100 285
100 292
100 293
100 296
100 309
100 405
100 433
100 434
100 435
100 436
100 437
100 438
100 634
100 637
100 1096
100 1197
100 1358
100 1558
100 1570
100 1761
100 1788
100 1803
100 1824
100 2053
100 2113
100 2335
100 2365
100 2381
101 120
101 189
101 208
101 233
101 259
101 294
101 296
101 298
101 303
101 496
101 623
101 625
101 627
101 628
101 773
101 1046
101 1141
101 1185
101 1504
101 1723
101 2293
101 2308
101 2319
102 180
102 270
102 406
102 788
102 816
102 1342
102 1359
102 1458
102 1460
102 1561
102 1755
102 1968
102 2025
102 2147
102 2149
103 104
103 105
103 106
103 107
103 108
103 109
103 110
103 111
103 112
103 113
103 114
103 115
103 116
103 117
103 118
103 483
103 484
103 605
103 774
103 1061
103 1062
103 1223
103 1224
103 1225
103 1226
103 1229
103 1230
103 1335
103 1464
103 1471
103 1509
103 1531
103 1585
103 1802
103 1897
103 2250
104 105
104 107
104 109
104 110
104 112
104 115
104 116
104 117
104 118
104 163
104 168
104 181
104 185
104 208
104 210
104 252
104 297
104 314
104 368
104 369
104 453
104 454
104 484
104 485
104 556
104 602
104 646
104 709
104 788
104 794
104 861
104 1046
104 1061
104 1062
104 1138
104 1158
104 1192
104 1223
104 1225
104 1226
104 1229
104 1230
104 1322
104 1464
104 1471
104 1501
104 1506
104 1509
104 1568
104 1585
104 1612
104 1669
104 1779
104 1797
104 1835
104 1864
104 1887
104 1992
104 2011
104 2040
104 2088
104 2175
104 2250
104 2296
104 2347
105 109
105 110
105 111
105 112
105 113
105 114
105 115
105 116
105 117
105 454
105 646
105 867
105 868
105 869
105 1062
105 1226
105 1335
105 1365
105 1509
105 1779
105 1802
105 2040
105 2250
106 107
106 110
106 113
106 124
106 162
106 163
106 164
106 165
106 166
106 167
106 168
106 169
106 210
106 217
106 226
106 254
106 263
106 297
106 305
106 306
106 373
106 379
106 401
106 402
106 441
106 480
106 492
106 494
106 532
106 549
106 665
106 678
106 854
106 941
106 967
106 1094
106 1141
106 1172
106 1174
106 1230
106 1236
106 1238
106 1239
106 1241
106 1242
106 1275
106 1286
106 1305
106 1313
106 1484
106 1500
106 1514
106 1527
106 1567
106 1583
106 1592
106 1602
106 1611
106 1651
106 1698
106 1714
106 1726
106 1772
106 1773
106 1806
106 1826
106 1872
106 1877
106 1916
106 1971
106 2121
106 2132
106 2134
106 2175
106 2215
106 2253
106 2277
106 2349
106 2371
106 2392
107 113
107 162
107 163
107 168
107 181
107 187
107 292
107 1806
107 1957
108 226
108 236
108 238
108 349
108 350
108 351
108 352
108 353
108 354
108 380
108 510
108 760
108 789
108 900
108 941
108 953
108 1133
108 1143
108 1145
108 1215
108 1216
108 1239
108 1253
108 1286
108 1289
108 1308
108 1351
108 1374
108 1401
108 1459
108 1594
108 1595
108 1782
108 1806
108 2158
108 2163
108 2325
109 110
109 111
109 112
109 113
109 114
109 115
109 116
109 117
109 118
109 646
109 1061
109 1224
109 1226
109 1335
109 1464
109 1471
109 1585
109 1802
109 2040
109 2175
109 2250
110 111
110 112
110 113
110 114
110 115
110 116
110 117
110 300
110 368
110 485
110 605
110 868
110 1226
110 1229
110 1365
110 1471
110 1532
110 1585
110 1779
111 112
111 113
111 114
111 115
111 116
111 117
111 1061
111 1062
111 1223
111 1224
111 1226
111 1335
111 1365
111 1471
111 1472
111 1585
111 1790
111 2250
112 113
112 114
112 115
112 116
112 117
112 454
112 484
112 485
112 605
112 868
112 1223
112 1256
112 1531
112 1532
112 1779
112 1797
112 2011
112 2016
113 114
113 115
113 116
113 117
113 453
113 483
113 484
113 563
113 642
113 646
113 867
113 1061
113 1223
113 1224
113 1226
113 1229
113 1230
113 1335
113 1471
113 1585
113 1612
113 2040
114 115
114 116
114 117
114 485
114 1062
114 1223
114 1226
114 1256
114 1335
114 1365
114 1471
114 1585
114 1802
114 2040
115 116
115 117
115 118
115 164
115 453
115 454
115 483
115 484
115 485
115 563
115 564
115 605
115 646
115 651
115 1062
115 1223
115 1226
115 1256
115 1335
115 1531
115 1532
115 1568
115 1585
115 1790
115 1802
115 1992
115 2250
116 117
116 368
116 1061
116 1224
116 1226
116 1256
116 1585
116 1779
117 454
117 484
117 485
117 1223
117 1224
117 1226
117 1229
117 1365
117 1612
117 1992
117 2250
118 168
118 368
118 1230
118 1335
118 1802
119 120
119 121
119 122
119 400
119 511
119 595
119 806
119 1321
119 1364
119 1487
119 1524
120 180
120 298
120 455
120 591
120 627
120 628
120 1093
120 1099
120 1100
120 1194
120 1234
120 1530
120 1547
120 1582
120 1978
120 2139
121 438
121 471
121 509
121 543
121 589
121 801
121 842
121 1139
121 1185
121 1264
121 1336
121 1341
121 1547
121 1678
121 2140
122 126
122 127
122 134
122 144
122 146
122 151
122 157
122 215
122 244
122 251
122 292
122 301
122 303
122 308
122 313
122 432
122 433
122 434
122 437
122 446
122 447
122 449
122 518
122 534
122 540
122 606
122 795
122 910
122 974
122 1028
122 1078
122 1106
122 1159
122 1210
122 1250
122 1261
122 1323
122 1354
122 1402
122 1414
122 1422
122 1430
122 1766
122 1773
122 1792
122 1803
122 1846
122 1990
122 2002
122 2041
122 2043
122 2049
122 2061
122 2166
122 2333
122 2338
123 124
123 125
123 126
123 127
123 172
123 248
123 702
123 777
123 874
123 1019
123 1039
123 1278
123 1303
123 1936
123 2004
123 2059
123 2126
123 2142
124 146
124 149
124 170
124 178
124 180
124 187
124 196
124 224
124 269
124 273
124 274
124 275
124 276
124 335
124 339
124 400
124 406
124 424
124 538
124 588
124 692
124 701
124 720
124 721
124 722
124 723
124 734
124 777
124 819
124 874
124 883
124 884
124 960
124 979
124 980
124 981
124 983
124 984
124 1024
124 1173
124 1174
124 1340
124 1374
124 1458
124 1580
124 1686
124 1781
124 1828
124 1921
124 1922
124 2222
125 146
125 196
126 150
126 151
126 152
126 154
126 158
126 159
126 175
126 291
126 311
126 312
126 371
126 429
126 534
126 539
126 540
126 542
126 688
126 811
126 975
126 976
126 1028
126 1425
126 1505
126 2059
126 2155
126 2198
126 2222
126 2400
127 168
127 242
127 735
127 759
127 760
128 129
128 130
128 131
128 132
128 133
128 134
128 135
128 136
128 137
128 138
128 634
128 637
128 2241
128 2254
129 130
129 132
129 133
129 134
129 135
129 136
129 137
129 138
129 220
129 2241
129 2254
130 131
130 132
130 133
130 134
130 135
130 136
130 137
130 138
130 636
130 727
130 781
130 1794
130 2241
130 2254
131 132
131 133
131 137
131 393
131 553
131 636
131 685
131 782
131 1249
131 1250
131 1794
132 133
132 134
132 135
132 136
132 137
132 138
132 634
132 635
132 1249
132 1250
132 2241
132 2254
133 134
133 135
133 136
133 137
133 138
133 393
133 636
133 781
133 782
133 1249
133 1250
133 2241
133 2254
134 135
134 136
134 137
134 138
134 2241
134 2254
135 136
135 137
135 138
135 293
135 388
135 393
135 538
135 634
135 635
135 1076
135 1570
135 2241
135 2254
135 2366
136 137
136 138
136 393
136 446
136 634
136 635
136 636
136 637
136 782
136 1250
136 1718
136 1794
136 2241
136 2254
137 138
137 635
137 682
137 685
137 1249
137 1250
137 1794
137 1981
137 2241
137 2254
138 635
138 636
138 685
138 1981
138 2241
138 2254
139 140
139 141
139 142
139 143
139 144
139 223
139 251
139 327
139 449
139 607
139 1468
140 141
140 324
140 325
140 326
140 327
140 328
140 329
141 143
141 324
141 724
142 143
142 144
142 732
142 1468
143 144
143 607
143 1468
144 223
144 251
144 449
144 450
144 451
144 512
144 515
144 1468
144 1814
145 146
145 147
145 148
145 149
145 387
145 1127
145 1435
146 148
146 149
146 151
146 158
146 170
146 171
146 172
146 173
146 174
146 175
146 176
146 177
146 178
146 179
146 180
146 250
146 253
146 255
146 378
146 382
146 383
146 384
146 385
146 386
146 387
146 538
146 556
146 559
146 609
146 625
146 701
146 761
146 777
146 811
146 814
146 822
146 860
146 863
146 865
146 874
146 913
146 939
146 1039
146 1089
146 1090
146 1127
146 1171
146 1172
146 1173
146 1174
146 1278
146 1284
146 1294
146 1297
146 1298
146 1303
146 1304
146 1305
146 1318
146 1320
146 1339
146 1343
146 1354
146 1450
146 1470
146 1494
146 1540
146 1541
146 1542
146 1543
146 1544
146 1545
146 1589
146 1891
146 1936
146 1993
146 2004
146 2042
146 2070
146 2126
148 149
148 170
148 171
148 173
148 179
148 253
148 1127
148 1171
148 1172
148 1318
148 1320
148 1343
148 1545
148 1589
148 1935
149 170
149 174
149 196
149 228
149 254
149 275
149 777
149 847
149 1019
149 1127
149 1173
149 1174
149 1189
149 1339
149 1589
149 1617
149 1660
150 151
150 152
150 153
150 154
150 155
150 156
150 157
150 158
150 159
150 160
150 161
150 542
150 609
150 957
150 960
150 2385
151 152
151 153
151 154
151 155
151 156
151 158
151 159
151 160
151 175
151 255
151 272
151 291
151 292
151 306
151 311
151 312
151 332
151 371
151 425
151 462
151 540
151 541
151 542
151 689
151 707
151 712
151 840
151 1209
151 1275
151 1297
151 1312
151 1505
151 1615
151 1702
151 1916
151 1970
151 2195
151 2222
151 2306
152 153
152 154
152 156
152 157
152 158
152 159
152 161
152 172
152 175
152 177
152 178
152 269
152 272
152 291
152 311
152 312
152 315
152 371
152 374
152 379
152 425
152 491
152 556
152 557
152 568
152 593
152 609
152 624
152 641
152 730
152 775
152 821
152 870
152 960
152 964
152 1171
152 1176
152 1339
152 1356
152 1489
152 1540
152 1541
152 1542
152 1543
152 1544
152 1545
152 1589
152 2086
152 2155
152 2217
152 2306
153 154
153 158
153 159
153 175
153 312
153 371
153 432
153 2306
154 155
154 156
154 158
154 159
154 160
154 161
154 275
154 291
154 311
154 312
154 371
154 432
154 616
154 712
154 943
154 1356
154 1366
154 1680
154 2155
154 2306
154 2385
155 156
155 158
155 159
155 345
155 346
155 394
155 432
155 507
155 1366
155 1425
155 1505
156 158
156 432
157 218
157 221
157 224
157 258
157 312
157 371
157 400
157 429
157 606
157 1061
157 1356
157 1454
157 1565
158 159
158 161
158 178
158 311
158 345
158 371
158 385
158 387
158 389
158 390
158 394
158 425
158 432
158 455
158 539
158 609
158 771
158 1294
158 1425
158 1611
158 2123
158 2385
159 161
159 175
159 311
159 432
159 539
160 175
160 311
160 371
160 707
161 196
161 346
161 375
161 380
161 394
161 429
161 432
161 459
161 460
161 461
161 462
161 463
161 507
161 539
161 624
161 692
161 865
161 888
161 969
161 1202
161 1356
161 1553
161 1832
161 1863
162 163
162 168
162 181
162 192
162 193
162 194
162 195
162 196
162 255
162 282
162 283
162 295
162 297
162 374
162 400
162 402
162 760
162 1065
162 1212
162 1213
162 1214
162 1215
162 1216
162 1305
162 1309
162 1314
162 1369
162 1444
162 1599
162 1668
162 1943
162 1971
162 1990
162 2039
162 2290
162 2323
163 168
163 181
163 196
163 272
163 373
163 1164
163 1582
163 1806
163 2357
164 165
164 168
164 252
164 494
164 613
164 1019
164 1891
165 166
165 252
165 267
165 439
165 440
165 441
165 490
165 639
165 651
165 724
165 771
165 838
165 945
165 1059
165 1670
165 1930
165 2020
165 2244
165 2282
165 2339
166 168
166 169
166 187
166 196
166 234
166 243
166 260
166 263
166 301
166 308
166 353
166 439
166 440
166 488
166 598
166 599
166 630
166 785
166 903
166 1341
166 1347
166 1431
166 1482
166 1780
166 1828
166 1944
166 1982
166 2080
166 2215
168 172
168 181
168 184
168 213
168 216
168 228
168 239
168 241
168 297
168 305
168 361
168 397
168 402
168 470
168 487
168 489
168 491
168 492
168 494
168 571
168 577
168 633
168 638
168 683
168 686
168 760
168 794
168 804
168 809
168 810
168 876
168 913
168 939
168 959
168 960
168 991
168 1138
168 1172
168 1215
168 1231
168 1232
168 1242
168 1287
168 1305
168 1317
168 1320
168 1343
168 1450
168 1451
168 1458
168 1489
168 1527
168 1651
168 1677
168 1726
168 1741
168 1776
168 2039
168 2052
168 2081
168 2138
168 2175
168 2205
169 260
169 488
169 599
169 1003
169 1313
169 1314
169 1567
169 1712
169 1715
169 1717
169 1770
169 1772
169 1773
169 1775
169 1776
169 1806
169 1870
169 1872
169 1932
169 2132
169 2200
169 2391
170 196
170 275
170 312
170 405
170 874
170 884
170 982
170 1174
170 1589
170 1781
171 323
171 776
171 1304
171 1540
171 1541
171 1542
171 1543
171 1544
171 1545
172 254
172 1039
172 1040
172 1305
172 1987
173 177
173 196
173 557
173 811
173 821
173 822
173 1284
173 1296
173 1297
173 1298
174 185
174 371
175 178
175 311
175 312
175 313
175 371
175 389
175 432
175 541
175 542
175 707
175 913
175 1176
175 1339
175 1435
175 2306
176 313
176 382
176 389
177 435
177 546
177 761
177 811
177 840
177 939
177 1171
177 1303
177 1354
177 1470
177 1972
178 275
178 588
178 721
178 734
178 874
178 1339
179 196
179 379
179 464
179 468
179 777
179 946
180 196
180 197
180 248
180 330
180 331
180 332
180 334
180 335
180 336
180 337
180 338
180 339
180 340
180 341
180 342
180 343
180 353
180 355
180 356
180 357
180 358
180 359
180 360
180 361
180 375
180 376
180 419
180 420
180 421
180 422
180 423
180 424
180 425
180 426
180 427
180 428
180 429
180 430
180 431
180 442
180 443
180 444
180 445
180 497
180 498
180 499
180 503
180 504
180 544
180 545
180 617
180 618
180 619
180 620
180 629
180 674
180 675
180 729
180 733
180 734
180 737
180 738
180 747
180 813
180 896
180 919
180 936
180 949
180 1550
180 1557
181 182
181 183
181 184
181 185
181 186
181 187
181 188
181 189
181 190
181 191
181 306
181 366
181 453
181 480
181 564
181 633
181 638
181 649
181 712
181 734
181 797
181 805
181 806
181 970
181 1137
181 1414
181 1496
181 1663
181 1916
181 2043
182 184
182 970
183 197
183 210
183 247
183 272
183 284
183 285
183 643
183 683
183 735
183 848
183 955
183 1501
183 2078
183 2369
184 185
184 188
184 214
184 262
184 295
184 535
184 638
184 970
184 1137
184 2043
185 188
185 191
185 210
185 214
185 262
185 295
185 366
185 367
185 489
185 493
185 535
185 536
185 538
185 576
185 578
185 641
185 766
185 797
185 805
185 806
185 831
185 927
185 928
185 1117
185 1137
185 1478
185 1495
185 1496
185 1674
185 1793
185 1840
185 1938
185 2283
185 2351
186 203
186 206
186 212
186 216
186 217
186 219
186 220
186 221
186 222
186 223
186 251
186 261
186 267
186 268
186 363
186 364
186 365
186 448
186 449
186 450
186 654
186 655
186 706
186 851
186 852
186 853
186 854
186 875
186 1231
187 230
187 265
187 440
187 938
187 1000
187 1024
188 191
188 438
188 806
188 1264
189 190
189 233
189 291
189 298
189 306
189 309
189 521
189 618
189 623
189 734
189 805
189 836
189 837
189 1396
189 1442
189 1639
189 1664
189 1665
189 1685
189 1709
189 1774
189 1805
189 1960
189 1979
189 2284
189 2288
189 2356
189 2376
190 306
190 309
190 471
190 521
190 734
190 805
190 836
190 837
190 1056
190 1141
190 1276
190 1279
190 1282
190 1383
190 1384
190 1385
190 1386
190 1387
190 1388
190 1389
190 1390
190 1391
190 1394
190 1395
190 1396
190 1397
190 1398
190 1441
190 1442
190 1443
190 1452
190 1453
190 1632
190 1633
190 1634
190 1635
190 1638
190 1639
190 1640
190 1641
190 1664
190 1665
190 1685
190 1688
190 1689
190 1690
190 1691
190 1692
190 1693
190 1695
190 1709
190 1722
190 1723
190 1732
190 1754
190 1758
190 1759
190 1760
190 1805
190 1923
190 1924
190 1925
190 1959
190 1960
190 1961
190 1962
190 1963
190 2000
190 2001
190 2007
190 2008
190 2010
190 2045
190 2150
190 2179
190 2187
190 2189
190 2203
190 2271
190 2286
190 2294
190 2315
190 2346
190 2348
190 2356
190 2359
190 2360
190 2365
190 2383
191 210
191 214
191 489
191 573
191 576
191 795
191 797
191 805
191 806
191 831
191 927
191 928
191 977
191 978
191 1090
191 1663
191 1938
192 193
192 194
192 439
193 194
193 195
193 490
193 1064
193 1065
193 1066
193 1213
193 1943
194 195
195 1213
196 236
196 241
196 257
196 269
196 294
196 323
196 534
196 538
196 556
196 558
196 704
196 770
196 958
196 1024
196 1028
196 1105
196 1174
196 1189
196 1222
196 1243
196 1288
196 1296
196 1297
196 1298
196 1340
196 1374
196 1455
196 1493
196 1497
196 1660
196 1766
196 1916
196 1944
196 1982
196 2017
196 2057
197 198
197 199
197 200
197 201
197 202
197 417
197 771
197 773
197 1650
197 1687
197 2038
198 200
198 201
198 381
198 519
198 659
198 685
198 741
198 806
198 839
198 1055
198 1058
198 1361
198 1581
198 1824
198 2279
199 447
199 664
200 202
200 740
200 742
200 743
200 744
200 745
200 746
201 202
201 381
201 456
201 567
201 741
201 742
201 769
201 948
201 963
201 964
201 965
201 1058
201 1084
201 1361
201 1451
201 1487
201 2279
202 320
202 474
202 475
202 476
202 948
202 963
202 964
202 965
202 1350
202 1451
202 1487
202 2279
203 204
203 205
203 206
204 941
205 565
205 1159
206 216
206 217
206 219
206 220
206 221
206 222
206 223
206 251
206 261
206 268
206 364
206 365
206 448
206 449
206 547
206 643
206 654
206 655
206 706
206 875
206 1039
206 1513
206 2282
206 2328
207 248
207 565
207 657
207 757
207 758
207 803
207 804
207 839
207 1236
207 1524
207 1777
208 209
208 210
208 211
208 259
208 314
208 398
208 402
208 407
208 454
208 531
208 554
208 602
208 603
208 646
208 679
208 680
208 794
208 906
208 955
208 1046
208 1108
208 1176
208 1185
208 1292
208 1322
208 1342
208 1358
208 1382
208 1501
208 1504
208 1506
208 1515
208 1625
208 1627
208 1835
208 1840
208 1881
208 1892
208 1903
208 1985
208 2088
209 554
209 555
209 680
209 681
209 714
209 955
209 1322
209 1465
209 1642
210 214
210 257
210 366
210 368
210 404
210 453
210 485
210 677
210 678
210 679
210 843
210 902
210 934
210 1051
210 1104
210 1132
210 1158
210 1175
210 1176
210 1214
210 1242
210 1475
210 1515
210 1519
210 1672
210 1779
210 1849
210 1857
210 2347
211 309
212 213
212 214
212 215
212 216
212 217
212 218
212 219
212 220
212 221
212 222
212 223
212 224
212 546
212 565
212 655
212 715
212 725
212 760
212 795
212 825
212 838
212 854
212 866
212 903
212 908
212 909
212 910
212 1088
212 1212
212 1231
212 1422
212 1468
212 1714
212 1772
212 1773
212 1775
212 1784
212 1787
212 1897
212 1932
212 2200
212 2272
212 2313
212 2388
212 2393
212 2397
213 216
213 217
213 218
213 221
213 222
213 224
213 706
213 875
213 876
213 902
213 909
213 1087
213 1088
213 1231
213 1233
213 1293
213 1422
214 221
214 222
214 262
214 295
214 453
214 489
214 508
214 535
214 536
214 573
214 576
214 578
214 638
214 641
214 797
214 805
214 831
214 875
214 908
214 977
214 978
214 1343
214 1357
214 1478
214 1495
214 1496
214 1498
214 2207
214 2283
215 218
215 669
215 864
215 1323
215 1362
215 1468
215 1784
216 217
216 218
216 219
216 220
216 221
216 222
216 223
216 224
216 233
216 251
216 261
216 263
216 268
216 308
216 362
216 363
216 364
216 365
216 448
216 449
216 654
216 655
216 706
216 851
216 852
216 853
216 854
216 875
216 876
216 903
216 910
216 911
216 1006
216 1086
216 1087
216 1231
216 1422
216 1468
216 1714
216 1770
216 1870
216 1966
217 219
217 220
217 221
217 222
217 223
217 224
217 232
217 251
217 261
217 268
217 362
217 363
217 364
217 365
217 448
217 449
217 654
217 655
217 706
217 723
217 800
217 851
217 852
217 853
217 875
217 876
217 902
217 908
217 909
217 1017
217 1018
217 1059
217 1087
217 1088
217 1148
217 1231
217 1232
217 1372
217 1422
217 1456
217 1457
217 1464
217 1468
217 1603
217 1721
217 1735
217 1881
218 221
218 222
218 224
218 263
218 706
218 776
218 853
218 854
218 875
218 903
218 904
218 908
218 910
218 1074
218 1087
219 220
219 221
219 222
219 223
219 224
219 251
219 261
219 268
219 313
219 362
219 363
219 364
219 365
219 393
219 395
219 396
219 430
219 448
219 449
219 553
219 654
219 655
219 706
219 751
219 789
219 850
219 851
219 854
219 875
219 909
219 1087
219 1088
219 1231
219 1250
219 1252
219 1274
219 1421
219 1422
219 1833
219 2041
219 2116
219 2193
219 2313
219 2371
220 221
220 222
220 223
220 251
220 261
220 268
220 362
220 363
220 364
220 365
220 448
220 449
220 553
220 647
220 654
220 655
220 706
220 751
220 799
220 851
220 852
220 853
220 854
220 875
220 1087
220 1231
220 1462
220 1463
220 1595
220 1610
220 1718
220 1926
220 1958
220 2041
220 2119
220 2241
221 222
221 223
221 224
221 251
221 261
221 263
221 268
221 362
221 363
221 364
221 365
221 448
221 449
221 654
221 655
221 706
221 851
221 853
221 854
221 875
221 903
221 908
221 910
221 1087
221 1212
221 1231
221 1345
221 1346
221 1421
221 1422
221 1464
221 1468
221 1626
221 1720
221 1721
221 1932
221 1967
221 2388
221 2393
221 2397
222 223
222 224
222 232
222 251
222 261
222 268
222 362
222 363
222 364
222 365
222 448
222 449
222 546
222 563
222 602
222 654
222 655
222 679
222 706
222 722
222 725
222 760
222 851
222 852
222 853
222 854
222 875
222 876
222 902
222 903
222 908
222 909
222 910
222 980
222 984
222 1059
222 1086
222 1087
222 1088
222 1131
222 1148
222 1215
222 1231
222 1232
222 1316
222 1338
222 1347
222 1372
222 1421
222 1422
222 1462
222 1468
222 1592
222 1661
222 1714
222 1720
222 1744
222 1770
222 1772
222 1773
222 1775
222 1776
222 1784
222 1932
222 2040
222 2058
222 2103
222 2272
222 2337
223 251
223 252
223 261
223 264
223 265
223 266
223 268
223 309
223 362
223 363
223 364
223 365
223 448
223 449
223 450
223 509
223 510
223 649
223 654
223 655
223 706
223 760
223 852
223 941
223 971
223 1021
223 1148
223 1157
223 1161
223 1204
223 1373
223 1374
223 1569
223 1626
223 1704
223 2145
223 2316
223 2364
223 2395
223 2401
224 706
224 903
224 908
224 909
224 910
224 1087
224 1088
224 1231
224 1266
224 1422
224 1468
225 226
225 227
225 1143
225 1156
225 1157
225 1161
226 227
226 1156
227 1156
228 229
228 230
228 231
228 232
228 233
228 234
228 235
228 236
228 237
228 238
228 239
228 240
228 241
228 242
228 243
228 263
228 855
228 856
228 857
228 858
228 987
228 990
228 993
228 997
228 1004
228 1005
228 1008
228 1024
228 1126
228 1292
228 1293
228 1313
228 1315
228 1316
228 1367
228 1549
228 1592
228 1697
228 1737
228 1738
228 1739
228 1740
228 1741
228 1742
228 1744
228 2210
228 2237
228 2245
228 2253
229 230
229 234
229 235
229 243
229 257
229 263
229 282
229 855
229 857
229 987
229 988
229 990
229 991
229 992
229 995
229 997
229 998
229 999
229 1000
229 1003
229 1006
229 1023
229 1024
229 1868
229 2245
229 2257
229 2390
230 234
230 242
230 282
230 856
230 987
230 991
230 992
230 995
230 997
230 998
230 1000
230 1003
230 1006
230 1023
230 1024
230 1025
230 2201
230 2390
231 232
231 2386
232 234
232 236
232 237
232 243
232 857
232 1004
232 1292
232 1549
232 1737
232 1738
232 1739
232 1740
232 1741
232 1742
232 1743
232 1744
232 1843
232 2069
232 2245
233 259
233 294
233 296
233 306
233 518
233 519
233 520
233 521
233 680
233 1141
233 1185
233 1400
233 1401
233 1561
233 1945
233 1948
234 235
234 236
234 237
234 238
234 239
234 240
234 241
234 243
234 855
234 987
234 989
234 990
234 993
234 994
234 996
234 997
234 998
234 1000
234 1004
234 1005
234 1006
234 1023
234 1024
234 1025
234 1124
234 1125
234 1292
234 1351
234 1352
234 1367
234 1549
234 1698
234 1868
234 1900
234 2245
234 2257
234 2333
234 2390
235 238
235 239
235 240
235 241
235 242
235 243
235 309
235 855
235 856
235 857
235 858
235 1124
235 1126
235 2237
236 237
236 243
236 1351
237 350
237 1292
237 1293
237 1741
237 1742
237 1744
238 239
238 240
238 241
238 242
238 259
238 263
238 305
238 309
238 659
238 855
238 857
238 858
238 1124
238 1126
238 1292
238 2237
239 240
239 241
239 242
239 259
239 286
239 305
239 855
239 856
239 857
239 858
239 1003
239 1006
239 1124
239 1125
239 1126
239 1292
239 1697
239 1715
239 1741
239 1872
239 2210
239 2391
240 241
240 242
240 263
240 305
240 855
240 856
240 857
240 858
240 1124
240 1125
240 1126
241 309
241 855
241 857
241 858
241 1124
241 1125
241 1126
241 1292
242 263
242 282
242 298
242 305
242 309
242 407
242 436
242 482
242 487
242 594
242 628
242 633
242 711
242 788
242 942
242 987
242 988
242 989
242 990
242 994
242 997
242 999
242 1000
242 1001
242 1002
242 1004
242 1005
242 1053
242 1085
242 1124
242 1277
242 1293
242 1367
242 1465
242 1529
242 1530
242 1722
242 1791
242 1836
242 1867
242 1868
242 1871
242 1894
242 1985
242 2068
242 2069
242 2097
242 2165
242 2172
242 2217
242 2257
242 2331
242 2392
243 855
243 857
243 1125
244 245
244 246
244 247
244 634
244 713
244 870
245 246
245 247
245 405
245 932
245 967
245 1408
245 1446
246 1154
246 1458
247 351
247 572
247 941
247 1958
247 2282
248 294
248 296
248 349
248 590
248 665
248 757
248 758
248 1777
248 1952
248 1979
248 1980
248 2025
248 2196
249 250
249 251
249 252
250 255
250 291
250 298
250 556
250 557
250 558
250 559
250 561
250 624
250 811
250 812
250 813
250 814
250 818
250 819
250 821
250 1089
250 1090
250 1279
250 1283
250 1727
250 1728
250 1730
250 1972
250 1974
250 1975
250 1976
250 1987
251 252
251 261
251 264
251 266
251 268
251 309
251 364
251 365
251 448
251 449
251 450
251 451
251 509
251 510
251 654
251 655
251 706
251 796
251 840
251 862
251 875
251 941
251 945
251 971
251 1028
251 1060
251 1148
251 1373
251 1374
251 1569
251 1814
251 1880
251 2119
251 2145
251 2316
251 2364
251 2401
252 261
252 453
252 705
252 706
252 861
252 932
252 1574
253 254
253 255
253 286
253 288
253 298
253 477
253 559
253 561
253 818
253 819
253 824
253 1283
253 1284
253 1296
253 1729
253 1906
253 1973
253 1974
253 1975
253 1976
254 288
254 291
254 309
254 819
254 822
254 863
254 865
254 1019
254 1089
254 1171
254 1303
254 1935
254 2304
255 299
255 301
255 309
255 348
255 366
255 371
255 556
255 557
255 558
255 559
255 561
255 624
255 672
255 819
255 1089
255 1090
255 1279
255 1282
255 1283
255 1284
255 1320
255 1727
255 1728
255 1973
255 1974
255 1987
255 2048
255 2213
256 257
256 258
256 259
256 375
256 808
256 1137
257 259
257 282
257 1000
257 1002
257 1004
257 1005
257 1313
257 1367
257 1867
257 1868
257 2201
257 2331
258 270
258 659
258 1491
258 1492
258 1764
258 2396
259 286
259 287
259 290
259 294
259 296
259 407
259 408
259 496
259 522
259 523
259 529
259 530
259 544
259 613
259 625
259 628
259 630
259 660
259 663
259 719
259 937
259 1033
259 1141
259 1185
259 1260
259 1293
259 1615
259 1657
259 1680
259 1791
259 2085
259 2137
259 2157
259 2293
259 2361
259 2396
260 488
260 599
260 760
260 1131
260 1257
261 268
261 309
261 362
261 363
261 364
261 365
261 393
261 448
261 449
261 506
261 510
261 514
261 654
261 655
261 669
261 706
261 852
261 854
261 865
261 875
261 899
261 911
261 1073
261 1156
261 1161
261 1316
261 1328
261 1512
261 1704
261 1833
261 1834
261 2173
261 2174
261 2194
261 2401
262 295
262 367
262 535
262 536
262 573
262 576
262 577
262 578
262 581
262 641
262 766
262 831
262 1117
262 1163
262 1424
262 1496
262 1676
262 1731
262 1840
262 2283
263 286
263 289
263 301
263 303
263 304
263 305
263 308
263 310
263 409
263 477
263 478
263 479
263 480
263 481
263 482
263 520
263 625
263 628
263 630
263 691
263 730
263 785
263 790
263 792
263 795
263 906
263 910
263 962
263 964
263 973
263 987
263 991
263 1006
263 1141
263 1261
263 1292
263 1482
263 1530
263 1652
263 1729
263 1849
263 1971
263 1972
263 1973
263 1974
263 1975
263 1976
263 2017
263 2018
263 2039
263 2084
263 2087
263 2289
263 2290
263 2351
264 567
264 1073
265 309
265 512
266 309
266 449
266 1372
266 1373
266 1374
266 2316
267 854
267 986
267 1019
267 1020
267 1021
267 1022
267 1060
267 2011
268 309
268 362
268 363
268 364
268 365
268 438
268 448
268 449
268 510
268 567
268 654
268 655
268 734
268 875
268 899
268 911
268 941
268 1156
268 1157
268 1161
268 1513
268 1704
268 1752
268 2173
268 2174
268 2395
269 270
269 271
269 272
269 273
269 274
269 275
269 276
269 277
270 299
270 395
270 397
270 406
270 439
270 788
270 955
270 956
270 1244
270 1342
270 1991
271 273
271 274
271 275
271 276
271 277
272 624
272 750
272 839
272 840
272 841
273 274
273 275
273 276
273 277
273 1414
273 1616
273 1936
274 276
274 277
274 286
274 561
274 588
274 1019
275 276
275 277
275 874
275 1173
275 1174
275 1339
275 1916
276 277
276 986
278 279
278 280
278 281
278 828
279 281
279 828
281 377
281 519
281 828
281 1091
281 1092
281 1910
281 1912
282 301
282 436
282 760
282 788
282 792
282 988
282 1004
282 1032
282 1212
282 1213
282 1214
282 1215
282 1216
282 1526
282 1627
282 1628
282 1791
282 1867
282 1932
282 2018
282 2257
282 2327
282 2353
283 370
283 372
283 546
283 798
283 930
283 931
283 1559
283 1804
283 2054
283 2290
285 304
285 309
285 597
286 287
286 288
286 289
286 290
286 291
286 408
286 824
286 825
286 1151
286 1617
286 1727
286 1728
286 1729
286 1730
286 2018
286 2213
286 2214
287 290
287 291
287 298
287 624
287 692
287 1209
287 1469
287 1615
287 1616
287 1617
288 291
288 557
288 624
288 785
288 811
288 812
288 814
288 815
288 818
288 821
288 822
288 1340
288 1597
289 305
289 429
290 624
290 824
290 825
290 1190
290 1209
290 1727
291 557
291 624
291 742
291 811
291 812
291 813
291 814
291 815
291 816
291 817
291 818
291 819
291 820
291 821
291 822
291 824
291 935
291 1026
291 1863
291 1975
291 1976
292 313
292 371
292 479
292 541
292 626
292 712
292 974
292 1421
292 1505
292 1582
292 1631
292 2080
293 1570
293 2254
294 295
294 296
294 297
294 298
294 299
294 508
294 531
294 662
294 887
294 888
294 1141
294 1152
294 1185
294 1657
294 2293
295 367
295 489
295 535
295 536
295 573
295 574
295 576
295 577
295 578
295 581
295 582
295 585
295 613
295 641
295 766
295 795
295 805
295 831
295 1496
295 1675
295 1731
295 2283
295 2326
296 307
296 322
296 433
296 554
296 570
296 694
296 695
296 722
296 765
296 789
296 829
296 900
296 921
296 925
296 937
296 974
296 1095
296 1141
296 1185
296 1210
296 1311
296 1341
296 1372
296 1378
296 1430
296 1465
296 1507
296 1508
296 1515
296 1558
296 1646
296 1651
296 1782
296 1798
296 1832
296 1978
296 1986
296 2035
296 2080
296 2200
296 2201
296 2365
297 402
297 598
297 1143
297 2087
298 302
298 309
298 310
298 441
298 481
298 496
298 623
298 624
298 625
298 626
298 627
298 628
298 630
298 660
298 750
298 1033
298 1060
298 1141
298 1149
298 1281
298 1320
298 1436
298 1530
298 1561
298 1642
298 1646
298 1667
298 1700
298 1723
298 1838
298 1965
298 1985
298 2151
298 2232
298 2251
298 2274
298 2365
298 2367
299 347
299 539
299 687
299 688
299 689
299 1663
299 1936
300 312
300 346
300 377
300 388
300 390
300 392
300 393
300 394
300 848
301 302
301 303
301 304
301 305
301 306
301 307
301 308
301 309
301 310
301 480
301 493
301 813
301 841
301 1283
301 1482
302 303
302 310
302 481
302 791
302 830
303 304
303 305
303 308
303 310
303 406
303 433
303 819
303 1620
303 1863
303 2180
304 305
304 308
304 310
304 433
304 478
304 481
304 1372
304 1583
304 1620
304 1725
304 2065
304 2157
305 308
305 310
305 436
305 478
305 481
305 482
305 492
305 630
305 631
305 632
305 633
305 790
305 809
305 910
305 1006
305 1367
305 1491
305 1623
305 1836
305 1868
305 2257
305 2396
306 521
306 610
306 621
306 663
306 730
306 815
306 877
306 1033
306 1035
306 1069
306 1072
306 1128
306 1276
306 1301
306 1327
306 1383
306 1385
306 1387
306 1388
306 1389
306 1390
306 1391
306 1392
306 1393
306 1394
306 1395
306 1488
306 1756
306 1757
306 1758
306 1759
306 1760
306 1849
306 1850
306 1894
306 1948
306 1960
306 1963
306 2024
306 2025
306 2075
306 2260
306 2263
306 2271
306 2286
307 676
307 781
308 310
308 478
308 481
308 783
308 784
308 785
309 310
309 365
309 383
309 408
309 459
309 478
309 481
309 521
309 568
309 624
309 626
309 628
309 676
309 790
309 791
309 840
309 866
309 940
309 974
309 1068
309 1141
309 1162
309 1244
309 1252
309 1293
309 1373
309 1392
309 1393
309 1394
309 1398
309 1433
309 1438
309 1439
309 1442
309 1443
309 1530
309 1632
309 1635
309 1637
309 1638
309 1681
309 1704
309 1707
309 1709
309 1725
309 1726
309 1743
309 1761
309 1782
309 1805
309 1851
309 1875
309 1876
309 1959
309 1961
309 1962
309 1986
309 1991
309 2007
309 2010
309 2028
309 2085
309 2114
309 2124
309 2138
309 2156
309 2181
309 2217
309 2239
309 2253
309 2257
309 2259
309 2262
309 2264
309 2266
309 2274
309 2316
309 2348
309 2356
309 2365
309 2370
309 2384
310 371
310 396
310 628
310 779
310 783
310 799
310 1068
311 335
311 371
311 425
311 432
311 539
311 542
311 707
311 1505
312 313
312 371
312 390
312 557
312 771
312 775
312 840
312 1015
312 1055
312 1102
312 1360
312 1414
312 1501
312 1602
312 1828
312 1846
312 2055
313 371
313 388
313 389
313 479
313 551
313 943
313 944
313 1680
314 679
314 1892
314 1893
315 316
315 317
315 318
315 319
315 320
315 321
316 320
316 321
316 469
317 318
317 319
317 320
317 321
317 464
317 465
317 466
317 467
317 468
317 469
317 470
317 471
317 472
317 473
317 474
317 475
317 476
317 950
317 951
317 952
317 1203
317 1295
317 1324
317 1325
317 1747
318 464
318 465
318 466
318 467
318 468
318 469
318 470
318 472
318 473
318 951
318 1324
319 414
319 464
319 465
319 466
319 469
319 472
319 952
319 966
319 1133
319 1136
319 1325
319 1418
319 1419
319 1605
319 1659
319 1682
319 1878
319 2184
320 466
320 473
320 474
320 475
320 476
320 839
320 966
320 1084
320 1133
320 1134
320 1521
320 1878
320 2147
321 464
321 465
321 470
323 777
323 1936
324 325
324 327
324 328
324 329
324 607
324 914
324 915
324 916
324 917
324 932
324 933
325 326
325 327
325 328
325 329
325 607
325 915
325 916
325 917
325 932
325 933
325 1880
326 327
326 328
326 724
326 916
326 933
326 1168
327 328
327 329
327 861
327 875
327 914
327 915
327 916
327 917
327 932
328 329
328 915
328 916
328 917
329 607
329 915
329 916
329 917
329 933
329 1168
330 331
330 332
330 333
330 334
330 335
330 336
330 337
330 338
330 339
330 340
330 341
330 342
330 343
330 344
330 359
330 425
330 674
330 1251
330 1550
331 332
331 335
331 336
331 337
331 338
331 339
331 340
331 341
331 342
331 343
331 344
331 360
331 442
331 615
331 619
331 673
331 674
332 335
332 336
332 337
332 338
332 339
332 340
332 341
332 342
332 343
332 344
332 358
332 359
332 360
332 419
332 420
332 421
332 422
332 423
332 424
332 426
332 427
332 428
332 430
332 431
332 442
332 471
332 544
332 566
332 615
332 617
332 619
332 620
332 1251
333 380
333 560
333 1251
334 337
334 355
334 359
334 424
334 737
335 336
335 337
335 338
335 339
335 340
335 341
335 342
335 343
335 344
335 358
335 359
335 360
335 419
335 420
335 421
335 422
335 423
335 424
335 425
335 426
335 427
335 428
335 430
335 431
335 544
335 566
335 615
335 617
335 619
335 620
335 674
335 704
335 1251
336 337
336 338
336 339
336 340
336 341
336 342
336 343
336 344
336 358
336 359
336 360
336 419
336 420
336 421
336 422
336 423
336 424
336 426
336 427
336 428
336 430
336 431
336 444
336 471
336 544
336 566
336 615
336 617
336 619
336 620
336 674
336 704
337 339
337 342
337 343
337 355
337 356
337 357
337 360
337 376
337 419
337 421
337 422
337 423
337 424
337 426
337 427
337 430
337 442
337 443
337 444
337 499
337 503
337 504
337 505
337 520
337 619
337 629
337 674
337 675
337 729
337 738
337 747
337 918
337 949
338 339
338 340
338 341
338 342
338 343
338 344
338 358
338 359
338 360
338 419
338 420
338 421
338 422
338 423
338 424
338 425
338 426
338 427
338 428
338 430
338 431
338 444
338 471
338 544
338 566
338 615
338 617
338 619
338 620
338 674
338 704
339 340
339 341
339 342
339 343
339 344
339 355
339 358
339 359
339 360
339 419
339 420
339 421
339 422
339 423
339 424
339 425
339 426
339 427
339 428
339 430
339 431
339 442
339 444
339 472
339 544
339 545
339 566
339 615
339 619
339 673
339 674
339 675
339 704
339 733
339 734
339 738
339 833
339 918
339 1251
339 1521
340 341
340 342
340 343
340 344
340 358
340 359
340 360
340 420
340 430
340 443
341 343
341 344
341 360
341 426
341 427
341 431
341 734
342 343
342 344
342 358
342 359
342 360
342 419
342 420
342 421
342 422
342 423
342 424
342 425
342 426
342 427
342 428
342 430
342 431
342 442
342 444
342 460
342 566
342 615
342 619
342 620
342 673
342 674
342 704
342 733
342 734
342 738
343 344
343 358
343 359
343 360
343 419
343 420
343 421
343 422
343 423
343 424
343 426
343 427
343 428
343 430
343 431
343 734
344 360
344 566
344 615
345 346
345 347
345 609
345 1100
345 1702
345 2115
345 2215
346 388
346 394
346 1028
347 388
347 389
347 682
348 1028
349 519
349 522
349 526
349 531
349 610
349 893
349 1100
349 1272
349 1481
349 1546
349 1650
349 1804
351 448
352 447
352 513
352 873
352 1885
352 1899
353 405
353 488
353 546
353 1077
353 1350
353 1446
353 1449
353 1766
353 1981
353 2183
353 2248
353 2251
354 361
354 491
354 618
354 879
354 919
354 2120
355 356
355 357
355 358
355 359
355 360
355 361
355 737
356 357
356 376
356 443
356 471
356 486
356 497
356 498
356 499
356 503
356 504
356 505
356 629
356 673
356 1324
356 1410
356 1651
357 425
357 443
357 445
357 503
357 729
358 359
358 360
358 419
358 420
358 421
358 422
358 423
358 424
358 425
358 426
358 427
358 428
358 430
358 431
358 444
358 486
358 566
358 673
358 674
358 704
358 733
358 738
358 918
359 360
359 419
359 420
359 421
359 422
359 423
359 424
359 425
359 426
359 427
359 428
359 430
359 431
359 486
359 566
359 673
359 674
359 675
359 704
359 918
360 419
360 420
360 421
360 422
360 423
360 424
360 425
360 426
360 427
360 428
360 430
360 431
360 442
360 444
360 471
360 503
360 544
360 566
360 615
360 619
360 620
360 673
360 674
360 734
360 837
361 424
361 497
361 498
361 544
361 545
361 618
361 737
361 1658
361 1660
361 2067
362 363
362 364
362 365
362 654
362 655
362 1021
362 1880
363 364
363 365
363 654
363 655
363 1021
363 2100
363 2102
364 365
364 448
364 449
364 506
364 510
364 567
364 654
364 655
364 669
364 706
364 853
364 875
364 899
364 926
364 1073
364 1156
364 1157
364 1161
364 1783
364 1795
364 1834
364 2173
364 2174
364 2248
364 2395
365 448
365 449
365 510
365 654
365 655
365 875
365 1156
365 1161
365 2173
365 2395
366 367
366 368
366 369
366 650
366 1496
367 601
367 1111
367 1496
367 1674
368 369
368 485
368 1223
368 1790
368 1802
368 2147
369 715
369 716
369 717
369 718
369 1192
370 372
370 930
371 429
371 479
371 541
371 542
371 712
371 840
371 968
371 1447
371 1557
371 1615
371 1680
371 1916
371 2306
372 452
372 931
372 1181
372 1879
374 375
374 953
375 380
375 429
375 459
375 460
375 461
375 462
375 463
375 471
375 487
375 489
375 507
375 508
375 620
375 887
375 888
375 1289
375 1985
376 442
376 443
376 444
376 445
376 497
376 498
376 503
376 505
376 629
376 674
376 675
376 729
376 733
376 747
376 1557
377 943
377 1366
377 1435
377 1593
379 793
380 385
380 429
380 459
380 460
380 461
380 462
380 463
380 507
380 539
381 386
381 387
381 741
381 743
381 793
381 794
381 839
381 1055
381 1056
381 1057
381 1058
384 386
385 386
386 966
387 793
387 794
387 2190
388 389
388 390
388 391
388 392
388 393
388 394
388 562
388 592
388 2163
389 697
389 1294
390 392
390 394
390 1636
391 433
391 589
391 974
391 1336
391 1558
391 1603
391 1718
391 2140
393 513
393 534
393 634
393 727
393 799
393 1073
393 1189
393 1249
393 1250
393 1350
393 1558
393 1718
393 2254
394 1038
394 1505
395 396
395 397
395 398
395 399
395 1371
395 1482
395 1613
395 1892
395 2149
396 433
396 441
396 502
397 436
397 439
397 494
397 727
397 1138
397 1141
397 1222
397 2071
398 399
398 404
400 401
400 509
400 2335
401 700
401 811
401 845
401 939
401 1171
401 1172
401 2292
402 572
402 613
402 631
402 638
402 739
402 991
402 1460
402 1509
402 2191
405 435
405 438
405 494
405 543
405 546
405 547
405 581
405 672
405 683
405 684
405 685
405 686
405 939
405 1040
405 1139
405 1328
405 1490
405 1501
405 1547
405 1663
406 460
406 779
406 788
406 804
406 1342
406 1359
406 2043
406 2071
406 2099
406 2115
407 678
407 804
407 1046
407 1047
407 1048
407 1049
407 1050
407 1051
407 1522
407 1601
407 1819
407 1835
407 1903
407 2338
408 409
409 435
409 511
409 639
409 676
409 696
409 697
409 1046
409 1058
409 1801
409 1857
409 1951
409 2106
410 411
410 412
410 413
410 414
410 415
410 416
410 417
411 453
411 563
411 564
411 642
411 643
411 647
411 649
411 650
411 651
411 760
411 1097
411 1178
411 1427
411 1475
411 1864
412 415
412 416
413 416
413 417
413 1208
413 1686
413 2309
414 613
414 1403
414 1404
414 1405
414 1406
414 1407
414 1408
414 1409
414 1410
414 1411
414 1412
414 1418
414 1654
415 416
415 453
415 509
415 1211
415 1416
416 417
416 2309
417 586
417 709
417 964
417 2309
418 1359
418 1429
418 2079
418 2290
419 420
419 421
419 422
419 423
419 424
419 426
419 427
419 428
419 430
419 431
419 444
420 421
420 422
420 423
420 424
420 426
420 427
420 428
420 430
420 431
420 444
420 566
420 615
420 617
420 619
420 620
420 704
420 918
421 422
421 423
421 424
421 426
421 427
421 428
421 430
421 431
421 444
421 566
421 615
421 704
422 423
422 424
422 426
422 427
422 428
422 430
422 431
422 444
422 566
422 674
422 704
423 424
423 426
423 427
423 428
423 430
423 431
423 444
423 566
423 704
424 425
424 426
424 427
424 428
424 430
424 431
424 442
424 444
424 497
424 498
424 544
424 619
424 673
424 674
424 704
424 747
424 1196
424 1521
425 430
425 431
425 442
425 443
425 444
425 486
425 619
425 675
425 738
426 427
426 428
426 430
426 431
426 566
426 734
427 428
427 430
427 431
427 615
427 617
427 620
427 734
428 430
428 431
428 566
428 674
429 430
429 459
429 460
429 461
429 462
429 463
429 507
429 892
429 1554
429 1557
429 1598
429 1600
429 1681
429 2222
429 2244
429 2290
430 431
430 444
430 460
430 471
430 566
430 617
430 620
430 629
430 673
430 674
430 704
430 724
430 734
430 839
430 885
431 442
431 444
431 471
431 497
431 498
431 499
431 544
431 545
431 566
431 597
431 619
431 673
431 674
431 734
431 738
431 837
431 1521
431 2366
433 434
433 435
433 637
433 1096
433 1558
434 435
434 637
434 1096
435 437
435 438
435 471
435 637
435 1096
435 1824
436 478
436 481
436 679
436 780
436 789
436 790
436 791
436 1046
436 1430
436 1433
436 1492
436 1525
436 1609
436 1867
436 1868
436 1892
436 1894
436 2028
436 2186
437 637
437 1096
438 543
438 800
438 801
438 802
438 1099
438 1336
438 1371
438 1378
438 1547
439 550
439 752
439 779
439 877
439 955
439 1021
439 1059
439 1162
439 1524
439 1965
439 1966
441 1615
441 2132
442 443
442 444
442 445
442 499
442 545
442 673
442 733
442 738
443 444
443 445
443 499
443 544
443 629
443 675
443 729
443 747
443 949
444 566
444 615
444 619
444 674
444 704
445 486
445 629
445 674
445 675
445 733
445 747
446 447
447 1248
447 1605
447 1806
448 449
448 567
448 654
448 655
448 706
448 959
448 1148
448 1502
448 2178
448 2282
449 450
449 451
449 512
449 654
449 655
449 724
449 751
449 1814
450 512
450 515
451 512
451 515
453 454
453 483
453 535
453 545
453 551
453 562
453 563
453 564
453 565
453 577
453 586
453 641
453 642
453 643
453 644
453 645
453 646
453 647
453 648
453 649
453 650
453 651
453 655
453 850
453 861
453 925
453 941
453 959
453 1016
453 1097
453 1098
453 1120
453 1168
453 1175
453 1242
453 1379
453 1427
453 1475
453 1498
453 1585
453 1612
453 1626
453 1653
453 1779
453 1864
453 1887
453 1914
453 2103
453 2117
453 2162
453 2231
453 2347
453 2369
453 2373
453 2378
453 2394
454 1779
455 456
455 457
455 458
455 590
455 591
455 893
455 1245
455 1524
455 1804
455 2073
456 746
456 769
456 894
456 1360
456 1415
456 1416
456 1417
456 1734
456 2114
456 2133
456 2296
458 519
458 522
458 562
458 1267
458 1268
458 1269
458 1270
458 1271
458 1272
458 1273
458 1326
459 460
459 461
459 462
459 463
460 461
460 462
460 463
461 462
461 463
461 471
461 507
462 463
462 507
463 507
464 465
464 466
464 467
464 468
464 469
464 470
464 472
464 473
464 950
464 951
464 1324
465 466
465 467
465 468
465 469
465 470
465 472
465 473
466 467
466 468
466 469
466 470
466 472
466 473
466 950
466 951
466 1324
466 2106
467 468
467 469
467 470
467 472
467 473
467 951
467 1324
468 469
468 470
468 472
468 473
468 950
468 951
468 952
468 1324
469 470
469 472
469 473
469 475
469 476
469 613
469 951
470 472
470 473
470 951
471 534
471 614
471 615
471 635
471 685
471 755
471 795
471 840
471 842
471 918
471 925
471 959
471 1155
471 1275
471 1303
471 1373
471 1610
471 1766
471 1823
471 1899
471 2009
471 2035
471 2089
471 2140
471 2186
471 2191
471 2366
471 2368
472 587
472 950
472 951
472 952
472 1324
472 1325
472 1747
473 476
473 546
473 614
473 735
473 772
473 951
474 476
474 1055
474 1084
474 1134
474 1136
474 1163
474 1206
474 1448
474 1618
474 1650
474 1878
474 2147
475 476
475 613
475 711
475 757
475 763
475 772
475 963
475 1032
475 1167
475 1217
475 1218
475 1576
475 1578
475 1655
475 1656
475 1682
475 1705
475 1860
475 2005
475 2023
475 2280
476 613
476 657
476 711
476 963
476 1032
476 1133
476 1134
476 1136
476 1295
476 1418
476 1419
476 1420
476 1504
476 1650
476 1682
476 1749
476 1865
476 1866
476 2051
476 2184
476 2197
476 2303
477 479
477 1894
478 481
478 791
478 829
478 830
479 712
479 1181
479 1447
479 1951
479 2054
480 748
480 749
480 750
480 751
480 752
480 753
480 754
480 956
480 1018
480 1027
480 1260
480 1261
480 1262
480 1263
480 1319
480 1668
480 1683
480 1966
480 2072
481 791
482 633
482 676
482 809
482 810
482 910
482 1454
483 563
483 646
483 1062
483 1568
484 604
484 605
484 1226
484 1365
484 1585
485 646
485 1061
485 1335
485 1509
485 1790
485 2040
487 633
487 1745
487 2327
487 2392
488 1742
489 573
489 578
489 641
489 805
489 969
489 978
489 1478
489 1938
490 495
490 1064
490 1065
490 1066
490 1313
491 683
491 879
491 1138
492 606
492 630
492 631
492 632
492 633
492 2093
492 2148
492 2396
493 509
493 769
493 894
493 973
493 1063
493 1077
493 1952
494 641
494 683
494 686
494 739
494 852
494 2089
495 1186
495 1671
496 519
496 522
496 523
496 528
496 529
496 628
496 660
496 663
496 664
496 666
496 667
496 696
496 700
496 719
496 1100
496 1234
496 1237
496 1238
496 1241
496 1270
496 1302
496 1508
496 2106
496 2340
497 498
497 499
497 919
497 949
497 1181
497 2155
499 503
499 505
499 729
499 733
499 936
499 953
500 501
500 1879
501 682
501 848
503 619
503 629
503 812
503 1557
504 629
506 899
506 1350
507 636
507 957
507 1356
507 1553
508 828
508 887
508 888
508 889
508 1315
508 1811
508 1812
508 1838
508 2032
508 2033
508 2066
509 510
509 511
509 512
509 513
509 514
509 617
509 620
509 709
509 727
509 743
509 795
509 870
509 1210
509 1487
509 1833
509 1834
509 1864
509 1918
509 2024
509 2125
509 2312
510 654
510 971
510 2145
511 1164
512 515
512 550
513 617
513 727
513 728
513 743
513 795
513 870
513 1164
513 1368
513 1487
513 1564
513 2389
514 921
514 925
514 926
514 2027
514 2334
516 517
516 1567
519 522
519 523
519 529
519 532
519 562
519 565
519 589
519 590
519 627
519 628
519 660
519 663
519 664
519 665
519 666
519 690
519 694
519 696
519 698
519 719
519 773
519 1070
519 1079
519 1095
519 1234
519 1241
519 1267
519 1270
519 1508
519 1537
519 1666
519 1708
519 1861
519 1862
519 2076
520 659
520 668
520 1454
520 1707
521 836
521 837
521 1383
521 1386
521 1387
521 1388
521 1391
521 1392
521 1393
521 1394
521 1395
521 1452
521 1453
522 523
522 524
522 525
522 526
522 527
522 528
522 529
522 530
522 531
522 532
522 533
522 611
522 628
522 653
522 664
522 719
522 766
522 893
522 942
522 1007
522 1248
522 1267
522 1269
522 1272
522 1481
522 1619
522 1650
522 1803
522 1804
522 1977
522 2285
523 526
523 528
523 529
523 531
523 532
523 533
523 611
523 662
523 663
523 780
523 942
523 1302
524 525
524 530
524 532
524 1055
524 1079
524 1080
524 1081
524 1082
524 1083
525 530
525 532
525 628
525 1079
525 1080
525 1081
525 1082
525 1083
526 528
526 530
526 532
526 565
526 628
526 652
526 653
526 1667
527 528
527 532
527 533
527 893
528 530
528 531
528 532
528 554
528 611
528 612
528 628
528 893
528 1079
528 1650
528 1804
529 532
529 565
529 628
529 644
529 660
529 661
529 662
529 663
529 664
529 665
529 666
529 667
529 694
529 696
529 700
529 719
529 787
529 845
529 1095
529 1100
529 1267
529 1269
529 1270
529 1272
529 1302
529 1507
529 1508
529 2106
529 2223
529 2340
530 532
530 1055
530 1079
530 1080
530 1081
530 1082
530 1083
530 1619
531 611
531 695
531 719
531 1100
531 1804
532 533
532 628
532 653
532 893
532 1055
532 1079
532 1080
532 1081
532 1082
532 1083
532 1520
532 1619
532 1804
533 611
533 663
533 780
533 1080
533 1302
533 1650
534 768
534 769
534 964
534 1355
534 1448
534 1654
534 1829
534 2281
535 536
536 573
536 574
536 576
536 577
536 578
536 582
536 641
536 969
536 2283
537 1291
538 692
538 1190
542 707
542 712
542 2306
543 800
543 974
543 1139
544 545
545 1274
545 1602
545 2275
546 547
546 548
546 549
546 552
546 685
546 759
546 764
546 1485
547 567
547 624
547 706
548 1483
548 1484
548 1485
551 552
551 553
551 1180
552 1180
553 647
553 655
553 724
553 727
553 781
553 854
553 865
553 1958
553 2013
554 555
554 681
554 1465
554 1466
554 1467
555 680
555 937
555 1104
555 1882
556 557
556 558
556 559
556 560
556 561
556 1297
557 558
557 559
557 561
557 624
557 813
557 814
557 822
557 824
557 840
557 863
557 1067
557 1089
557 1090
557 1411
557 1730
557 1863
557 1975
557 1976
557 2180
558 559
558 561
559 561
560 672
560 1243
560 1602
562 563
562 564
562 565
562 650
562 700
562 719
562 1069
562 1070
562 1270
563 564
563 642
563 643
563 645
563 646
563 649
563 650
563 651
563 724
563 1016
563 1097
563 1098
563 1178
563 1427
563 1475
563 1533
563 1626
563 1864
563 2373
563 2394
564 642
564 643
564 645
564 647
564 649
564 650
564 651
564 1016
564 1097
564 1475
564 1476
564 1864
564 2347
565 589
565 666
565 690
565 774
565 2006
566 615
566 617
566 619
566 620
566 674
567 724
567 861
567 899
567 1247
567 1303
567 1808
568 569
568 570
568 571
569 570
569 571
569 1141
570 571
571 638
573 574
573 575
573 576
573 577
573 578
573 579
573 580
573 581
573 582
573 583
573 584
573 585
573 766
573 805
573 832
573 833
573 834
573 835
573 977
573 978
573 1220
573 1424
573 1478
573 1663
573 2064
573 2082
573 2326
574 575
574 577
574 578
574 579
574 580
574 582
574 583
574 584
574 585
574 832
574 834
574 835
574 978
574 1424
574 1938
574 2326
575 578
575 579
575 583
575 584
575 585
575 832
575 833
575 835
576 578
576 641
576 797
576 831
576 928
576 969
576 1663
576 2207
577 578
577 579
577 580
577 582
577 583
577 584
577 585
577 832
577 833
577 835
577 969
577 1424
577 2326
578 580
578 582
578 583
578 641
578 833
578 835
578 1424
578 2326
579 580
579 582
579 583
579 584
579 585
579 832
579 835
579 1424
579 2082
580 582
580 584
580 585
580 832
580 834
580 2326
581 582
581 766
581 833
581 835
581 969
581 1163
581 1424
581 1499
581 2082
581 2127
581 2326
582 583
582 584
582 585
582 832
582 833
582 835
582 978
582 1424
582 1938
582 2064
582 2082
582 2326
583 584
583 832
584 585
584 832
584 834
584 1424
584 2082
584 2326
585 832
585 1424
585 2082
585 2326
586 587
586 2285
586 2310
587 950
587 952
587 1129
588 720
588 721
588 722
588 723
588 725
588 726
588 980
588 981
588 983
588 984
588 985
588 986
588 1372
588 1921
588 2058
589 590
589 591
589 1099
590 591
590 646
590 774
591 610
591 621
591 728
591 1582
591 1804
591 2229
592 593
592 594
592 595
592 2053
593 1086
594 595
594 1128
594 1555
594 2053
594 2300
595 1488
595 1524
596 597
596 713
596 1879
597 638
597 2143
598 962
598 978
598 1003
598 1308
599 760
599 1313
599 1720
599 1772
599 1773
600 601
600 602
600 603
600 1106
600 1108
600 1111
600 1820
600 2374
601 602
601 1106
601 1107
601 1108
601 1111
601 1112
601 1113
601 1114
601 1115
601 1117
601 1118
601 1119
601 1120
601 1121
601 1122
601 1123
601 2374
602 603
602 717
602 1106
602 1107
602 1108
602 1109
602 1110
602 1111
602 1112
602 1113
602 1114
602 1115
602 1116
602 1117
602 1118
602 1119
602 1120
602 1121
602 1122
602 1123
602 1625
602 1675
602 1840
602 2374
603 1110
604 1704
604 2243
604 2246
607 933
608 609
610 621
610 622
610 1007
610 1237
610 1575
610 2310
612 1853
613 614
613 644
613 652
613 662
613 671
613 854
613 927
613 963
613 1033
613 1084
613 1290
613 1358
613 1406
613 1407
613 1408
613 1409
613 1410
613 1411
613 1473
613 1559
613 1578
613 1579
613 1605
613 1655
613 1686
613 1865
613 1883
613 2023
613 2197
613 2276
614 1409
614 1473
614 1605
615 617
615 619
615 620
616 1176
617 619
617 620
618 879
618 919
619 620
619 674
621 844
621 1100
621 1211
621 1480
622 1299
622 2073
623 625
623 627
623 734
623 1072
624 625
624 734
624 811
624 812
624 813
624 816
624 818
624 819
624 820
624 824
624 840
624 841
624 1089
624 1090
624 1730
624 1974
624 1975
624 1976
624 2180
625 627
625 829
625 830
625 1622
625 1623
626 765
626 769
626 886
626 921
626 973
626 1699
626 1952
626 2300
627 628
627 1007
627 1245
628 663
628 1095
628 1105
628 1244
628 1245
628 1546
628 2073
629 674
629 747
630 632
630 633
630 2065
632 633
633 807
633 808
633 809
633 810
633 1454
633 1745
634 635
635 1139
636 682
636 781
636 782
636 848
636 849
636 850
636 1249
636 2013
637 1026
637 1558
638 641
638 649
638 751
638 807
638 919
638 1138
638 1182
638 1475
638 1736
638 1864
638 2307
639 640
640 829
641 766
641 833
641 977
641 1220
641 1478
641 1496
641 2283
642 643
642 647
642 649
642 650
642 651
642 1097
642 1475
642 1509
642 1864
643 649
643 650
643 651
643 760
643 1097
643 1475
643 1626
643 1864
644 664
644 746
644 842
644 1208
644 1329
644 1411
644 1817
644 2091
644 2170
644 2171
644 2172
644 2223
644 2224
644 2225
644 2226
644 2227
644 2228
644 2296
645 649
645 1097
645 1475
646 651
646 715
646 717
646 1062
646 1120
646 1568
646 1612
646 1840
646 2040
647 649
647 650
647 1016
647 1040
648 650
649 650
649 651
649 1097
649 1475
649 1864
650 651
650 1016
650 1074
650 1097
650 1427
650 1475
650 1509
650 1864
651 1097
651 1475
651 1864
651 2394
653 893
654 655
654 706
654 852
654 854
654 909
654 971
654 1088
654 1156
654 1157
654 1161
654 1422
654 1502
654 1517
654 1704
654 1781
654 1783
655 706
655 851
655 852
655 853
655 875
655 876
655 911
655 1087
655 1231
655 1456
655 1592
655 2041
655 2112
655 2163
656 657
656 658
656 1947
657 953
657 954
658 795
658 796
658 1444
659 890
659 1129
659 2327
659 2396
660 664
660 665
660 666
660 667
660 701
660 845
660 2079
661 666
662 719
662 780
662 804
662 886
662 1069
662 1070
662 1071
662 1307
662 1650
662 1708
662 2078
663 665
663 719
663 1267
663 1302
663 1642
664 666
664 667
664 693
664 694
664 695
664 696
664 697
664 698
664 699
664 700
664 846
664 1300
665 700
665 1007
665 1062
665 1093
665 1095
665 1099
665 1179
665 2006
666 694
666 696
667 693
667 694
667 695
667 696
667 698
667 699
667 719
668 669
669 838
669 971
669 1073
669 1328
669 1833
669 1946
669 1950
669 2110
669 2174
669 2313
670 671
670 756
671 743
671 762
671 1146
671 1147
671 1329
671 1379
671 1624
671 2005
671 2147
672 1158
673 674
677 678
677 902
677 934
678 1048
678 1051
678 1573
678 1672
678 1967
679 962
679 1892
680 681
680 1465
681 1465
681 1466
682 848
682 1777
682 1981
683 686
685 1364
685 1794
686 739
686 788
687 688
687 2061
689 1435
689 1436
690 1302
691 692
693 694
693 695
693 696
693 698
693 699
694 695
694 696
694 698
694 699
694 700
695 696
695 698
695 699
696 698
696 699
696 719
697 700
697 1128
697 1555
698 699
700 724
700 774
700 844
700 845
700 846
700 1071
700 1093
700 1240
700 1270
700 1307
700 1547
700 1619
700 1821
700 1822
700 1823
700 1861
700 2106
701 702
701 703
701 775
701 777
701 1857
702 703
702 777
703 775
703 777
703 1255
705 724
706 760
706 851
706 852
706 853
706 875
706 903
706 904
706 971
706 1073
706 1087
706 1156
706 1157
706 1161
706 1231
706 1422
706 1503
706 1513
706 1518
706 2174
706 2401
708 709
708 710
708 1782
709 1533
710 1533
711 1407
712 943
712 1030
712 2306
714 730
714 731
714 765
714 1078
714 1700
715 716
715 717
715 718
715 861
715 1653
716 717
716 718
716 1653
717 718
717 1192
718 1653
719 786
719 787
719 1267
719 1269
719 1270
719 1307
720 721
720 722
720 723
720 724
720 725
720 726
720 980
720 981
720 983
720 1372
720 1662
720 1921
720 2058
721 722
721 723
721 725
721 979
721 980
721 981
721 983
721 984
721 985
721 986
721 1372
721 1580
721 1662
721 1921
722 723
722 725
722 979
722 980
722 981
722 982
722 983
722 984
722 985
722 986
722 1372
722 1580
722 1662
722 1921
722 1922
722 2381
723 979
723 981
723 983
723 984
723 986
723 1372
723 1921
724 844
724 861
724 862
724 863
724 864
724 865
724 945
724 1156
724 1170
724 1205
724 1246
724 1381
724 1674
724 1896
724 1981
724 2366
725 876
725 980
725 981
725 982
725 983
725 985
725 1921
728 1101
729 936
730 1849
730 1850
731 1530
734 813
734 836
734 837
734 865
734 1072
734 1600
734 1863
734 2007
734 2288
735 736
735 1409
735 1605
735 1941
739 1138
739 2236
740 741
740 742
740 743
740 744
740 1857
741 758
741 769
741 839
741 1055
741 1058
741 1363
741 1686
741 1951
742 743
742 744
742 746
742 1363
743 744
743 1055
746 2113
746 2133
748 749
748 750
748 751
748 752
748 753
748 754
748 1018
748 1027
748 1260
748 1261
748 1262
748 1263
748 1966
749 750
749 751
749 752
749 753
749 754
749 1018
749 1027
749 1260
749 1261
749 1262
749 1263
749 1966
750 751
750 752
750 753
750 754
750 760
750 818
750 1018
750 1027
750 1260
750 1261
750 1262
750 1263
750 1966
751 752
751 753
751 754
751 1018
751 1027
751 1260
751 1261
751 1262
751 1263
751 1966
752 753
752 754
752 1018
752 1027
752 1260
752 1836
753 754
753 1018
753 1027
753 1260
753 1261
753 1262
753 1263
753 1966
754 1018
754 1027
754 1260
754 1261
754 1262
754 1263
754 1966
757 1482
758 1885
759 773
759 1199
760 776
760 851
760 852
760 853
760 994
760 1014
760 1212
760 1213
760 1214
760 1215
760 1216
760 1313
760 1511
760 1526
760 1714
760 1720
760 1770
760 1772
760 1773
760 1775
760 1776
760 1784
760 1786
760 1787
760 1789
760 1864
760 1932
760 2014
760 2119
760 2201
760 2240
760 2272
760 2277
762 763
762 764
763 764
763 771
763 772
763 804
763 1578
764 772
765 2137
765 2300
766 969
766 1424
768 769
768 770
768 1368
768 1824
769 770
769 1034
769 1063
769 1140
769 1165
769 1444
769 1548
769 1661
769 1954
770 1361
770 1363
771 772
771 773
771 1015
771 2256
772 1576
772 1577
772 1578
772 1655
773 798
774 873
775 776
775 777
775 778
776 938
776 946
776 947
776 976
776 991
776 1163
776 1204
776 1215
776 1506
776 1540
776 1565
776 1614
776 1653
776 1726
776 1773
776 1780
776 1786
776 1789
776 1820
776 1967
776 2021
776 2080
776 2152
776 2201
776 2388
777 938
777 939
777 940
777 1888
777 1993
779 2019
780 1270
780 1301
781 782
782 849
783 784
783 1927
783 1940
784 890
784 1927
784 1940
785 821
786 787
788 1342
788 2025
789 900
789 901
790 1454
791 829
791 830
791 1162
792 1289
792 1558
792 2252
795 796
795 797
795 1877
796 973
796 1029
797 805
797 806
797 831
797 928
797 2283
799 852
800 801
800 802
800 1321
800 1336
802 1336
802 1524
803 804
803 842
803 1885
804 1058
804 1555
804 1686
805 969
805 978
805 1340
805 1478
805 1663
805 1938
806 977
806 1490
808 809
808 810
808 1137
809 810
811 814
811 815
811 818
811 821
811 822
811 912
811 913
811 1598
812 815
812 818
812 821
814 815
814 818
814 821
814 822
814 905
814 906
814 907
814 1724
815 818
815 821
815 822
815 1276
815 1277
815 1278
815 1279
815 1280
815 1281
815 1282
815 2181
816 820
818 821
818 822
818 906
819 1340
821 822
821 906
821 935
821 2181
822 912
822 935
822 1598
822 1600
823 882
824 1939
826 827
828 1091
828 1092
829 830
829 1931
830 1162
830 1433
830 1620
830 1863
830 2029
831 928
832 834
832 2064
832 2082
833 834
833 2064
834 1285
834 2064
836 837
836 1056
836 1072
836 1384
836 1386
836 1389
836 1391
836 1392
836 1394
836 1395
836 1397
836 1438
836 1439
836 1442
836 1632
836 1633
836 1635
836 1638
836 1639
836 1664
836 1665
836 1685
836 1688
836 1689
836 1722
836 1756
836 1757
836 1805
836 1959
836 1961
836 2000
836 2007
836 2008
836 2010
836 2187
836 2203
836 2286
836 2315
836 2348
836 2383
836 2387
837 1056
837 1277
837 1385
837 1387
837 1390
837 1391
837 1392
837 1394
837 1395
837 1441
837 1452
837 1634
837 1639
837 1641
837 1664
837 1685
837 1688
837 1689
837 1690
837 1691
837 1692
837 1693
837 1694
837 1695
837 1722
837 1723
837 1758
837 1759
837 1805
837 1923
837 1924
837 1925
837 1963
837 2000
837 2001
837 2008
837 2010
837 2150
837 2179
837 2189
837 2203
837 2271
837 2286
837 2287
837 2315
837 2348
837 2359
838 1293
838 1527
838 2252
838 2339
839 921
839 1036
839 1038
839 1055
839 1058
839 1667
840 841
840 867
840 1189
840 2193
842 843
842 2076
842 2077
843 937
843 1651
843 1765
844 845
844 846
844 1823
845 846
845 1070
846 873
847 865
847 2341
848 929
848 1015
848 2141
850 866
851 852
851 853
851 875
851 1231
852 853
852 875
852 876
852 921
852 1018
852 1087
852 1372
852 1503
852 1513
852 1592
852 1697
852 1711
852 1714
852 1715
852 1872
852 1877
852 2118
852 2163
852 2388
853 875
853 1073
853 1087
853 1513
853 1592
853 1795
854 875
854 903
854 1059
854 1191
854 1246
854 1346
854 1512
854 1721
854 1735
854 2363
855 856
855 857
855 858
855 1124
855 1126
856 858
856 1292
856 1549
857 858
857 1124
857 1126
858 1124
858 1126
859 2169
859 2375
860 1827
860 1987
861 862
861 863
861 864
861 865
861 866
862 863
862 865
862 945
862 1381
863 865
864 1958
865 945
865 1381
866 1157
866 1266
866 1847
866 1848
866 1926
866 1946
866 2173
866 2194
869 1074
869 1075
871 872
872 1065
874 1339
875 903
875 908
875 1364
875 1417
875 1592
875 1712
875 2200
876 908
876 1088
876 1231
876 1421
876 1592
877 2054
879 880
879 2120
883 884
883 2059
884 981
884 1274
884 1284
884 2030
885 992
885 995
885 1369
885 1370
885 1599
887 888
887 889
887 2066
888 889
888 2066
889 2066
890 891
891 1486
894 973
895 896
895 897
895 898
895 2202
896 1209
896 2362
897 898
897 2202
898 1488
898 1687
898 1815
898 1816
898 1857
898 1964
898 2202
899 1157
899 1160
899 1328
899 1834
900 901
902 908
903 910
903 911
903 1468
904 2118
907 1724
908 1421
909 1087
909 1088
909 1231
909 1422
910 911
911 1157
911 1170
912 1597
912 1598
913 1283
913 1318
913 1450
913 2048
914 915
915 916
915 917
916 917
921 922
921 923
921 924
921 925
921 926
922 923
922 924
922 1031
922 1032
922 1033
922 1034
922 1035
922 1036
922 1037
922 1815
922 1818
922 1819
922 1824
922 2106
923 924
924 1031
924 1032
924 1033
924 1034
924 1036
925 926
926 1965
927 1423
930 931
932 1168
937 1104
937 1465
938 1003
938 1053
938 1054
938 1109
938 1111
938 1114
938 1215
938 1306
938 1717
938 1720
938 2288
939 1275
939 1888
939 2394
940 1936
941 1266
943 1030
945 1381
946 947
947 1726
948 964
948 1650
948 1904
950 951
950 952
950 1324
950 1325
950 1451
950 1747
951 952
951 1324
952 1324
952 1325
952 1747
953 954
956 1027
957 958
957 959
957 960
957 2160
958 960
959 960
962 972
962 973
962 1444
964 965
964 1350
964 1487
964 1904
965 1904
966 1133
968 1846
973 1182
973 1444
975 976
976 2198
977 978
978 1423
978 1424
978 1938
979 983
979 984
979 1921
980 981
980 986
980 1372
980 1662
981 983
981 986
981 1372
981 1580
981 1662
981 1921
982 983
982 985
983 984
983 985
983 986
983 1580
983 1921
983 1922
984 1921
986 1372
986 1580
986 1922
986 2381
987 988
987 989
987 990
987 991
987 992
987 993
987 994
987 995
987 996
987 997
987 998
987 999
987 1000
987 1001
987 1002
987 1003
987 1004
987 1005
987 1006
987 2201
987 2327
987 2331
987 2390
988 989
988 990
988 993
988 994
988 996
988 997
988 998
988 999
988 1000
988 1001
988 1002
988 1004
988 1005
988 2331
989 990
989 993
989 994
989 996
989 997
989 998
989 999
989 1000
989 1001
989 1002
989 1004
989 1005
989 2331
990 993
990 994
990 996
990 997
990 998
990 999
990 1000
990 1001
990 1002
990 1004
990 1005
990 2331
991 992
991 995
991 997
991 998
991 1003
991 1006
991 1710
991 2080
991 2200
991 2388
992 995
992 997
992 998
992 1003
992 1006
992 1287
992 1308
992 1313
992 1314
992 1369
992 1370
992 1599
993 994
993 996
993 997
993 998
993 999
993 1000
993 1001
993 1002
993 1004
993 1005
993 1023
993 2331
994 996
994 997
994 998
994 999
994 1000
994 1001
994 1002
994 1003
994 1004
994 1005
994 1023
994 2257
994 2331
995 997
995 998
995 1003
995 1006
995 1314
995 1369
995 1370
996 997
996 998
996 999
996 1000
996 1001
996 1002
996 1004
996 1005
996 1652
996 2331
997 998
997 999
997 1000
997 1001
997 1002
997 1003
997 1004
997 1005
997 1006
997 2331
998 999
998 1000
998 1001
998 1002
998 1003
998 1004
998 1005
998 1006
998 2257
998 2331
999 1000
999 1001
999 1002
999 1004
999 1005
999 2257
999 2331
1000 1001
1000 1002
1000 1004
1000 1005
1000 2331
1001 1002
1001 1004
1001 1005
1001 2331
1002 1004
1002 1005
1002 2331
1003 1006
1003 1023
1003 1024
1003 1367
1003 1567
1003 1697
1003 1871
1003 1900
1004 1005
1004 2331
1005 1024
1005 2331
1006 1125
1006 1351
1006 1367
1006 1369
1006 1652
1006 1791
1006 1868
1006 2257
1007 1581
1007 1680
1007 1934
1008 1009
1008 1010
1008 1011
1008 1012
1008 1013
1008 1014
1008 1698
1008 2354
1009 1010
1009 1011
1009 1012
1009 1013
1009 1014
1009 1314
1009 1511
1009 1877
1010 1011
1010 1012
1010 1013
1010 1014
1010 1511
1011 1012
1011 1013
1011 1014
1011 1511
1012 1013
1012 1014
1013 1014
1014 1314
1014 1511
1016 1017
1017 1155
1017 1338
1019 1020
1019 1021
1019 1172
1019 1173
1019 1303
1020 1021
1020 1022
1021 2136
1022 1189
1023 1024
1023 1900
1023 1901
1024 1900
1024 1901
1025 2201
1026 1027
1027 1260
1027 1261
1027 1262
1027 1263
1027 1683
1028 2323
1029 1767
1029 1768
1029 1769
1031 1032
1031 1033
1031 1034
1031 1035
1031 1037
1031 1667
1031 1683
1031 1684
1031 1815
1031 1817
1031 1818
1031 1824
1031 1825
1032 1033
1032 1036
1032 1084
1032 1824
1033 1034
1033 1035
1033 1036
1033 1038
1033 1058
1033 1824
1033 1825
1033 2279
1034 1037
1034 1038
1035 1038
1036 1038
1036 1815
1037 1804
1038 1825
1039 1305
1040 1353
1041 1042
1041 1043
1041 1044
1041 1045
1041 1806
1041 2093
1041 2094
1041 2099
1041 2131
1041 2219
1041 2230
1042 1043
1042 1044
1042 1045
1043 1044
1043 1045
1044 1045
1045 2129
1045 2130
1045 2131
1046 1047
1046 1048
1046 1049
1046 1051
1046 1522
1046 1902
1047 1048
1047 1049
1047 1051
1047 1515
1047 1522
1047 1835
1047 1969
1047 2338
1048 1050
1048 1051
1048 1516
1048 1573
1048 1601
1048 1672
1048 1903
1048 2338
1050 2338
1051 1515
1051 1516
1051 1835
1053 1717
1053 2393
1055 1058
1055 1362
1056 1634
1056 1688
1056 1689
1056 1690
1056 1691
1056 1692
1056 1693
1056 1694
1056 1695
1057 1844
1057 1873
1058 1824
1059 1060
1061 1062
1061 1226
1061 1335
1061 1471
1061 1790
1062 1335
1062 1471
1062 1568
1063 1778
1064 1065
1064 1066
1064 1477
1064 1478
1065 1066
1065 1534
1067 1068
1067 1399
1067 1986
1067 2156
1068 1430
1068 1431
1068 1432
1068 1433
1068 1434
1069 1071
1072 1185
1072 1389
1072 1395
1072 1441
1072 1442
1072 1633
1072 1640
1072 1664
1072 1665
1072 1691
1072 1758
1072 2000
1072 2007
1072 2203
1074 1075
1076 1077
1078 1488
1079 1080
1079 1081
1079 1082
1079 1083
1080 1081
1080 1082
1080 1083
1081 1082
1081 1083
1082 1083
1082 1520
1087 1088
1088 1421
1088 1422
1089 1090
1090 1973
1091 1092
1093 1094
1093 1095
1093 1100
1093 1179
1093 1507
1093 1508
1094 1095
1095 1507
1095 1508
1097 2394
1099 1100
1099 1905
1100 1101
1100 1480
1101 1193
1101 1194
1101 1195
1102 1281
1102 2221
1104 1337
1106 1108
1106 1109
1106 1110
1106 1120
1107 1108
1107 1110
1107 1111
1107 1112
1107 1113
1107 1114
1107 1115
1107 1117
1107 1118
1107 1119
1107 1120
1107 1121
1107 1122
1107 1123
1107 1839
1107 1840
1107 2374
1108 1109
1108 1110
1108 1116
1108 2349
1109 1110
1109 1123
1110 1116
1110 1840
1110 1881
1110 2311
1110 2349
1111 1112
1111 1113
1111 1114
1111 1115
1111 1117
1111 1118
1111 1119
1111 1120
1111 1121
1111 1122
1111 1123
1111 2374
1112 1113
1112 1114
1112 1115
1112 1117
1112 1118
1112 1119
1112 1120
1112 1121
1112 1122
1112 1123
1112 2374
1113 1114
1113 1115
1113 1117
1113 1118
1113 1119
1113 1120
1113 1121
1113 1122
1113 1123
1113 2374
1114 1115
1114 1117
1114 1118
1114 1119
1114 1120
1114 1121
1114 1122
1114 1123
1114 2374
1115 1117
1115 1118
1115 1119
1115 1120
1115 1121
1115 1122
1115 1123
1115 2374
1116 1117
1116 1155
1116 1625
1116 1881
1117 1118
1117 1119
1117 1120
1117 1121
1117 1122
1117 1123
1117 1840
1117 2349
1117 2374
1118 1119
1118 1120
1118 1121
1118 1122
1118 1123
1118 2374
1119 1120
1119 1121
1119 1122
1119 1123
1119 2374
1120 1121
1120 1122
1120 1123
1120 2374
1121 1122
1121 1123
1121 2374
1122 1123
1122 2374
1123 1840
1123 2374
1124 1126
1125 1367
1126 2237
1128 1129
1128 1130
1128 2133
1129 1488
1129 1613
1129 1907
1130 1300
1131 1132
1131 1211
1131 2291
1132 1158
1133 1134
1133 1135
1133 1136
1133 1333
1133 1618
1133 1878
1133 2184
1134 1135
1134 1295
1134 1618
1135 1618
1136 1227
1136 1228
1136 1418
1136 1878
1140 1953
1140 1954
1143 1144
1143 1145
1143 1673
1143 1768
1144 1145
1146 1147
1150 1348
1150 1746
1150 1913
1152 1153
1153 1972
1153 1973
1153 1974
1153 1975
1153 1976
1156 1157
1157 1159
1157 1160
1157 1161
1157 1266
1157 1833
1157 1946
1157 2173
1159 1160
1159 1833
1160 1328
1160 1833
1163 1164
1163 1165
1163 1166
1163 1337
1164 1488
1164 1705
1164 1907
1164 2133
1164 2276
1165 1166
1166 1375
1166 1376
1168 1427
1169 2102
1170 1718
1171 1303
1175 1176
1175 1177
1182 1183
1182 1184
1183 1184
1187 1188
1190 1340
1193 1194
1193 1195
1194 1195
1196 1197
1196 1198
1196 1199
1196 1200
1196 1201
1197 1198
1197 1199
1197 1200
1197 1201
1198 1199
1198 1200
1198 1201
1199 1200
1199 1201
1200 1201
1202 2103
1203 1654
1207 1208
1207 1983
1210 1578
1211 1212
1211 1454
1211 1746
1211 2087
1212 1213
1212 1214
1212 1215
1212 1216
1213 1214
1213 1215
1213 1216
1214 1215
1214 1216
1215 1216
1217 1218
1217 1219
1223 1224
1223 1225
1223 1226
1223 1471
1223 1532
1223 2250
1224 1225
1224 1226
1225 1226
1227 1228
1228 1295
1228 1418
1229 1230
1229 2040
1231 1232
1231 1233
1232 1233
1234 1235
1234 1236
1234 1237
1234 1238
1234 1239
1234 1240
1234 1241
1234 1861
1235 1237
1235 1238
1235 1239
1236 1239
1236 1240
1236 1241
1237 1238
1237 1239
1238 1239
1238 1240
1239 1240
1240 1241
1246 1247
1248 1564
1248 2078
1249 1250
1249 1794
1249 1981
1250 1793
1250 1794
1250 1981
1252 1253
1252 1254
1252 2272
1253 1254
1257 1258
1257 1259
1257 1746
1260 1261
1260 1262
1260 1263
1261 1262
1261 1263
1261 1765
1262 1263
1264 1265
1265 2137
1266 1610
1266 2116
1267 1268
1267 1269
1267 1270
1267 1271
1267 1272
1267 1273
1268 1269
1268 1270
1268 1271
1268 1272
1268 1273
1269 1270
1269 1271
1269 1272
1269 1273
1270 1271
1270 1272
1270 1273
1272 1273
1275 1303
1276 1277
1276 1282
1276 1383
1276 1385
1276 1387
1276 1389
1276 1390
1276 1394
1277 1279
1277 1280
1277 1281
1277 1282
1278 1279
1279 1280
1279 1281
1279 1282
1280 1281
1280 1282
1281 1282
1283 1284
1283 1908
1283 2256
1284 1296
1284 1297
1284 1298
1284 1976
1286 1288
1286 1529
1286 1750
1286 2324
1286 2325
1287 1308
1287 1309
1287 1310
1287 1750
1287 2325
1292 1293
1295 1324
1295 1418
1295 2184
1296 1297
1296 1298
1297 1298
1299 2073
1301 1705
1302 1480
1302 1481
1302 1535
1302 1536
1302 1538
1304 2294
1305 1306
1308 1310
1308 1750
1308 2325
1309 1668
1309 1669
1309 1673
1309 1971
1310 1750
1310 1956
1310 2324
1310 2325
1313 1314
1314 1877
1315 1316
1324 1325
1324 1451
1325 1747
1326 1327
1326 2012
1327 1800
1327 1801
1329 1330
1329 1331
1329 1332
1329 1333
1329 1334
1329 1883
1330 1331
1330 1332
1330 1333
1330 1334
1331 1332
1331 1333
1331 1334
1332 1333
1332 1334
1333 1334
1335 1471
1335 1790
1344 1345
1344 1346
1344 1347
1344 1348
1345 1346
1345 1347
1345 1348
1345 1349
1346 1347
1346 1348
1347 1348
1351 1495
1360 1362
1360 1364
1360 1415
1360 1416
1360 1417
1361 1362
1361 1363
1361 1364
1362 1364
1362 1415
1362 1416
1362 1417
1364 1415
1364 1416
1364 1417
1367 1791
1367 2257
1368 1829
1369 1370
1369 1599
1372 1373
1372 1374
1372 1580
1372 2316
1373 1374
1373 2316
1374 2316
1375 1376
1376 1500
1379 1380
1383 1384
1383 1385
1383 1386
1383 1387
1383 1388
1383 1389
1383 1390
1383 1391
1383 1392
1383 1393
1383 1394
1383 1395
1383 1396
1383 2271
1383 2286
1384 1385
1384 1386
1384 1387
1384 1392
1384 1637
1384 1664
1384 1665
1384 1759
1384 2271
1384 2286
1385 1386
1385 1387
1385 1388
1385 1389
1385 1392
1385 1397
1385 1398
1385 1632
1385 1633
1385 1635
1385 1637
1385 1756
1385 1757
1385 1758
1385 1759
1385 1760
1385 1960
1385 1963
1385 2007
1385 2203
1385 2271
1385 2286
1386 1387
1386 1394
1386 1397
1386 1440
1386 1633
1386 1635
1386 1637
1386 1664
1386 1959
1386 1960
1386 1961
1386 1962
1386 2271
1386 2286
1387 1388
1387 1389
1387 1390
1387 1391
1387 1392
1387 1393
1387 1394
1387 1395
1387 1959
1387 1960
1387 1961
1387 1962
1387 2271
1387 2286
1388 1391
1388 1392
1388 1393
1388 1394
1388 1395
1388 1756
1388 1757
1388 1758
1388 1759
1388 1760
1389 1390
1389 1394
1390 1394
1391 1392
1391 1393
1391 1394
1391 1395
1391 1397
1391 1440
1391 1441
1391 1442
1391 1443
1392 1393
1392 1394
1392 1395
1392 1397
1392 1398
1392 1439
1392 1639
1393 1394
1393 1395
1393 1709
1394 1395
1394 1397
1394 1438
1394 1439
1394 1440
1394 1441
1394 1442
1394 1443
1394 2187
1395 1397
1395 1440
1395 1441
1395 1442
1395 1443
1397 1438
1397 1439
1397 1440
1397 1441
1397 1442
1397 1443
1397 1632
1397 1633
1397 1634
1397 1635
1397 2007
1397 2008
1397 2187
1398 1757
1399 1400
1399 1401
1399 1402
1399 2384
1400 1401
1400 1402
1401 1763
1402 1620
1403 1404
1403 1405
1403 1406
1403 1407
1403 1408
1403 1409
1403 1410
1403 1412
1404 1405
1404 1406
1404 1407
1404 1408
1404 1409
1404 1410
1404 1412
1405 1406
1405 1407
1405 1408
1405 1409
1405 1410
1405 1412
1406 1407
1406 1408
1406 1409
1406 1410
1406 1411
1406 1412
1406 1419
1407 1408
1407 1409
1407 1410
1407 1411
1407 1412
1407 2197
1407 2276
1408 1409
1408 1410
1408 1412
1409 1410
1409 1412
1409 1473
1410 1411
1410 1412
1411 2104
1413 1414
1415 1416
1415 1417
1416 1417
1416 1677
1418 1419
1418 1420
1419 1420
1423 1938
1428 1429
1430 1431
1430 1432
1430 1433
1430 1434
1431 1432
1431 1433
1431 1434
1432 1433
1432 1434
1433 1434
1433 2029
1435 1436
1438 1439
1438 1443
1438 2187
1439 2187
1440 1441
1440 1442
1440 1443
1440 2007
1441 1442
1441 1443
1441 2008
1442 1443
1444 1445
1448 1835
1452 1453
1455 1456
1455 1457
1456 1457
1456 1592
1456 1698
1456 1752
1456 1930
1457 1752
1458 1459
1458 1460
1459 1648
1462 1463
1462 1464
1463 1464
1463 1753
1463 1926
1464 1753
1472 1704
1473 1605
1475 1476
1477 1478
1478 1938
1481 1535
1481 1536
1481 1537
1481 1538
1481 1539
1482 2337
1483 1484
1488 1587
1491 1764
1491 1765
1491 2396
1492 1764
1492 2396
1493 1494
1495 2037
1495 2159
1496 1675
1497 1753
1497 2282
1499 1500
1499 2346
1500 1869
1506 1984
1507 1508
1512 1513
1515 1522
1517 1518
1517 2176
1518 2176
1519 1520
1519 2301
1520 1562
1520 1853
1523 1524
1525 1526
1526 1890
1527 1528
1527 1529
1529 1791
1530 1791
1530 2217
1531 1532
1535 1536
1535 1537
1535 1538
1535 1539
1536 1537
1536 1538
1536 1539
1537 1538
1537 1539
1538 1539
1540 1541
1540 1542
1540 1543
1540 1544
1540 1545
1541 1542
1541 1543
1541 1544
1541 1545
1542 1543
1542 1544
1542 1545
1543 1544
1543 1545
1544 1545
1546 2139
1552 1553
1559 1866
1563 1564
1563 1804
1565 1566
1565 1567
1565 1762
1565 1886
1566 1567
1566 1886
1567 1889
1568 1585
1570 1571
1571 2157
1572 1983
1573 1574
1573 1672
1576 1577
1576 1578
1577 1578
1581 1582
1586 1587
1589 2294
1590 1936
1591 1661
1594 1595
1594 1596
1597 1598
1597 1600
1597 1863
1598 1600
1601 2338
1607 1608
1607 1609
1608 1609
1608 1917
1608 1920
1612 1779
1615 1616
1615 1617
1616 1617
1622 1893
1622 2135
1622 2188
1623 1867
1627 1628
1629 1630
1632 1640
1632 1756
1632 1759
1633 1635
1633 1637
1633 1638
1633 1639
1633 1640
1633 1641
1634 1688
1634 1691
1634 1692
1634 1693
1634 1694
1634 1723
1634 1732
1635 1637
1635 1664
1635 1688
1635 1805
1638 1639
1638 1640
1638 1641
1639 1640
1639 1641
1640 1641
1643 1644
1643 1645
1643 1646
1644 1645
1648 1649
1649 2160
1651 2236
1654 1655
1654 1656
1655 1656
1658 1659
1664 2356
1668 1669
1668 2087
1669 1971
1673 2164
1674 1675
1674 1676
1675 1676
1677 2087
1678 2164
1679 2265
1683 1684
1686 1687
1687 1815
1687 1816
1688 1689
1688 1691
1688 1692
1688 1693
1688 1694
1688 1723
1688 1754
1688 1924
1688 2150
1689 1690
1689 1691
1689 1692
1689 1694
1689 1695
1689 1722
1689 1723
1689 1754
1689 2150
1690 1692
1690 1695
1690 1924
1691 1692
1691 1693
1691 1694
1691 2150
1692 1693
1692 1694
1692 1695
1692 1723
1692 1754
1693 1694
1694 2150
1695 1723
1695 1732
1697 1698
1698 1930
1704 2243
1704 2246
1704 2247
1705 1942
1711 1712
1711 1713
1711 1714
1711 1715
1711 1716
1711 1717
1711 1870
1711 1872
1712 1714
1712 1715
1712 1716
1712 2201
1713 1716
1714 1716
1715 1716
1715 1717
1715 1870
1715 1871
1715 1872
1715 2391
1715 2397
1716 1717
1716 1870
1716 1871
1716 1872
1717 1872
1720 1721
1720 2200
1721 1967
1722 1723
1723 1732
1723 1754
1727 1728
1727 1729
1727 1730
1728 1730
1728 2213
1729 1730
1730 2213
1730 2214
1733 1734
1735 1914
1735 2058
1735 2363
1737 1738
1737 1739
1737 1740
1737 1741
1737 1742
1737 1743
1737 1744
1737 1843
1738 1739
1738 1740
1738 1741
1738 1742
1738 1743
1738 1744
1738 1843
1738 2272
1739 1740
1739 1741
1739 1742
1739 1743
1739 1744
1739 1843
1740 1741
1740 1742
1740 1744
1741 1742
1741 1743
1741 1744
1742 1743
1742 1744
1743 1744
1743 1843
1743 2272
1750 1956
1750 2324
1750 2325
1756 1757
1756 1758
1756 1759
1756 1760
1757 1758
1757 1759
1757 1760
1758 1759
1758 1760
1759 1760
1760 1963
1764 2396
1767 1768
1767 1769
1768 1769
1772 1773
1775 1776
1777 1778
1781 1782
1781 1783
1782 1783
1793 1794
1794 1981
1800 1801
1808 1809
1808 1810
1808 1811
1808 1812
1809 1810
1809 1811
1809 1812
1810 1811
1810 1812
1811 1812
1814 2382
1815 1816
1815 1817
1815 1818
1815 1819
1817 1818
1817 1819
1818 1819
1821 1822
1821 1823
1822 1823
1833 1834
1838 2289
1839 1840
1841 1842
1844 1873
1847 1848
1849 1850
1853 2301
1853 2314
1853 2358
1856 1857
1856 1858
1857 1858
1857 1964
1859 1860
1865 1866
1866 1883
1867 1868
1870 1871
1870 1872
1871 1872
1872 2397
1875 1876
1888 1889
1892 1893
1892 2025
1893 1988
1893 2188
1900 1901
1909 1910
1909 1911
1909 1912
1910 1911
1910 1912
1911 1912
1917 1918
1917 1919
1917 1920
1922 2381
1923 1924
1923 1925
1928 1929
1928 1937
1929 1937
1933 1934
1935 1936
1935 2042
1936 2042
1953 1954
1955 1956
1955 2324
1955 2325
1956 2324
1956 2325
1959 1960
1959 1961
1959 1962
1960 1961
1960 1962
1961 1962
1963 2203
1972 1973
1972 1974
1972 1975
1972 1976
1972 2343
1973 1974
1973 1975
1973 1976
1974 1975
1974 1976
1975 1976
1975 2284
1976 2284
1979 1980
1979 2063
1989 1990
1990 2117
1994 2283
1997 1998
1997 1999
1998 1999
2000 2001
2002 2003
2007 2008
2013 2014
2018 2019
2021 2022
2025 2026
2025 2259
2025 2260
2025 2263
2025 2268
2028 2029
2032 2033
2032 2034
2033 2034
2034 2188
2039 2220
2046 2047
2046 2048
2046 2269
2048 2269
2051 2052
2055 2056
2055 2059
2055 2060
2056 2059
2056 2060
2059 2060
2061 2062
2067 2068
2067 2069
2068 2069
2076 2077
2076 2078
2077 2078
2084 2111
2091 2170
2091 2171
2091 2172
2091 2223
2091 2224
2091 2225
2091 2226
2091 2227
2091 2228
2093 2094
2093 2095
2093 2096
2093 2097
2093 2098
2093 2099
2094 2131
2094 2219
2095 2096
2095 2097
2095 2098
2095 2099
2096 2097
2096 2098
2096 2099
2097 2098
2097 2099
2098 2099
2099 2129
2100 2101
2100 2102
2101 2102
2119 2401
2124 2125
2129 2130
2131 2219
2145 2364
2163 2164
2167 2168
2168 2216
2170 2171
2170 2172
2170 2223
2170 2224
2170 2225
2170 2226
2170 2227
2170 2228
2171 2172
2171 2223
2171 2224
2171 2225
2171 2226
2171 2227
2171 2228
2172 2223
2172 2224
2172 2225
2172 2226
2172 2227
2172 2228
2173 2174
2177 2178
2180 2181
2185 2186
2192 2193
2193 2194
2200 2201
2205 2206
2211 2212
2213 2214
2216 2218
2223 2224
2223 2225
2223 2226
2223 2227
2223 2228
2224 2225
2224 2226
2224 2227
2224 2228
2225 2226
2225 2227
2225 2228
2226 2227
2226 2228
2227 2228
2238 2379
2243 2246
2243 2247
2252 2253
2253 2337
2259 2260
2259 2261
2259 2262
2259 2263
2259 2264
2259 2265
2259 2266
2259 2267
2259 2268
2259 2305
2260 2261
2260 2262
2260 2263
2260 2264
2260 2265
2260 2268
2261 2263
2261 2264
2261 2265
2261 2268
2262 2265
2262 2266
2262 2305
2263 2264
2263 2265
2263 2268
2264 2265
2264 2266
2264 2268
2265 2268
2266 2268
2266 2305
2268 2305
2268 2377
2269 2270
2269 2342
2270 2342
2286 2287
2286 2348
2302 2303
2305 2377
2318 2319
2322 2323
2324 2325
2335 2336
2342 2343
2342 2344
2343 2344
2350 2351
2350 2352
2350 2353
2350 2354
2350 2355
2351 2352
2351 2353
2351 2354
2351 2355
2352 2353
2352 2354
2352 2355
2352 2361
2353 2354
2353 2355
2354 2355
2359 2360
2361 2362
2371 2372
2391 2397
