0 3
1 3
2 6
3 1
4 1
5 15
6 3
7 2
8 15
9 15
10 1
11 8
12 5
13 8
14 1
15 1
16 1
17 8
18 1
19 1
20 1
21 1
22 3
23 1
24 3
25 3
26 1
27 1
28 1
29 3
30 1
31 3
32 3
33 3
34 3
35 1
36 1
37 0
38 1
39 0
40 10
41 8
42 10
43 8
44 10
45 10
46 8
47 8
48 8
49 8
50 10
51 10
52 1
53 1
54 1
55 1
56 1
57 1
58 1
59 1
60 15
61 1
62 1
63 1
64 1
65 1
66 1
67 1
68 1
69 1
70 1
71 15
72 1
73 1
74 1
75 15
76 3
77 3
78 1
79 7
80 5
81 7
82 7
83 7
84 3
85 3
86 1
87 1
88 1
89 1
90 1
91 1
92 3
93 15
94 1
95 3
96 14
97 15
98 5
99 15
100 5
101 15
102 13
103 2
104 2
105 2
106 15
107 15
108 10
109 2
110 2
111 2
112 2
113 2
114 2
115 2
116 2
117 2
118 2
119 5
120 11
121 5
122 1
123 1
124 15
125 1
126 1
127 5
128 4
129 0
130 5
131 5
132 5
133 5
134 5
135 5
136 5
137 5
138 13
139 7
140 8
141 7
142 7
143 7
144 7
145 1
146 1
147 1
148 1
149 1
150 1
151 1
152 1
153 1
154 1
155 1
156 1
157 1
158 1
159 1
160 1
161 1
162 15
163 15
164 0
165 0
166 0
167 5
168 15
169 10
170 1
171 1
172 1
173 1
174 1
175 1
176 1
177 1
178 1
179 1
180 3
181 15
182 9
183 2
184 15
185 15
186 8
187 15
188 5
189 16
190 16
191 15
192 10
193 8
194 11
195 8
196 15
197 5
198 5
199 6
200 5
201 5
202 5
203 10
204 10
205 5
206 8
207 5
208 2
209 2
210 2
211 2
212 15
213 8
214 15
215 15
216 8
217 8
218 8
219 8
220 8
221 8
222 8
223 8
224 8
225 10
226 10
227 10
228 10
229 10
230 10
231 10
232 10
233 15
234 10
235 10
236 10
237 10
238 10
239 10
240 10
241 10
242 10
243 10
244 3
245 7
246 7
247 7
248 5
249 1
250 1
251 8
252 15
253 1
254 1
255 1
256 14
257 10
258 0
259 15
260 10
261 8
262 15
263 0
264 1
265 1
266 5
267 0
268 8
269 1
270 13
271 1
272 1
273 1
274 1
275 1
276 1
277 1
278 2
279 2
280 2
281 2
282 8
283 3
284 2
285 2
286 15
287 16
288 15
289 6
290 15
291 15
292 1
293 15
294 15
295 15
296 15
297 15
298 15
299 1
300 1
301 0
302 0
303 0
304 0
305 0
306 16
307 1
308 0
309 15
310 0
311 1
312 1
313 1
314 2
315 6
316 6
317 6
318 6
319 6
320 6
321 6
322 5
323 1
324 8
325 8
326 8
327 8
328 8
329 8
330 3
331 3
332 3
333 16
334 3
335 3
336 3
337 3
338 3
339 3
340 3
341 3
342 3
343 3
344 3
345 1
346 1
347 1
348 1
349 11
350 10
351 1
352 11
353 9
354 6
355 3
356 3
357 3
358 3
359 3
360 3
361 3
362 8
363 8
364 8
365 8
366 2
367 2
368 2
369 2
370 6
371 1
372 3
373 10
374 1
375 1
376 3
377 1
378 1
379 1
380 1
381 5
382 1
383 1
384 1
385 1
386 1
387 1
388 1
389 1
390 1
391 5
392 4
393 5
394 1
395 13
396 0
397 13
398 13
399 13
400 11
401 11
402 15
403 7
404 2
405 5
406 13
407 2
408 5
409 5
410 5
411 15
412 5
413 5
414 6
415 5
416 5
417 5
418 6
419 3
420 3
421 3
422 3
423 3
424 3
425 3
426 3
427 3
428 3
429 1
430 3
431 3
432 1
433 5
434 5
435 5
436 13
437 5
438 5
439 10
440 0
441 0
442 3
443 3
444 3
445 3
446 0
447 1
448 8
449 8
450 7
451 7
452 3
453 15
454 2
455 11
456 6
457 11
458 11
459 1
460 1
461 1
462 1
463 1
464 6
465 6
466 6
467 6
468 6
469 6
470 6
471 7
472 6
473 6
474 6
475 6
476 6
477 0
478 10
479 1
480 5
481 10
482 0
483 2
484 2
485 2
486 3
487 10
488 10
489 0
490 8
491 5
492 1
493 5
494 9
495 1
496 11
497 3
498 3
499 3
500 3
501 4
502 1
503 3
504 3
505 3
506 7
507 1
508 6
509 5
510 8
511 5
512 7
513 5
514 5
515 7
516 14
517 14
518 15
519 11
520 6
521 16
522 11
523 11
524 11
525 11
526 11
527 11
528 11
529 11
530 11
531 11
532 11
533 11
534 7
535 15
536 15
537 15
538 15
539 1
540 1
541 1
542 1
543 5
544 3
545 3
546 5
547 5
548 5
549 6
550 5
551 5
552 7
553 0
554 2
555 2
556 1
557 1
558 1
559 1
560 9
561 1
562 11
563 15
564 15
565 11
566 3
567 1
568 1
569 14
570 1
571 1
572 1
573 15
574 1
575 15
576 5
577 1
578 15
579 1
580 1
581 9
582 1
583 15
584 1
585 1
586 11
587 11
588 1
589 11
590 11
591 11
592 5
593 8
594 5
595 5
596 3
597 15
598 1
599 10
600 2
601 2
602 2
603 2
604 2
605 2
606 1
607 8
608 1
609 1
610 11
611 11
612 2
613 6
614 6
615 3
616 1
617 3
618 1
619 3
620 3
621 11
622 11
623 16
624 1
625 1
626 5
627 11
628 11
629 3
630 10
631 0
632 1
633 10
634 5
635 5
636 1
637 5
638 7
639 1
640 10
641 15
642 15
643 15
644 5
645 14
646 2
647 1
648 6
649 15
650 15
651 15
652 6
653 11
654 8
655 8
656 5
657 5
658 5
659 0
660 11
661 11
662 11
663 11
664 11
665 11
666 11
667 11
668 7
669 1
670 6
671 6
672 9
673 3
674 3
675 3
676 1
677 2
678 2
679 2
680 2
681 2
682 4
683 5
684 5
685 5
686 5
687 1
688 1
689 1
690 11
691 1
692 15
693 11
694 11
695 11
696 11
697 5
698 11
699 11
700 11
701 1
702 1
703 1
704 3
705 0
706 8
707 1
708 5
709 5
710 5
711 6
712 1
713 3
714 1
715 2
716 2
717 2
718 2
719 11
720 1
721 1
722 1
723 1
724 15
725 1
726 5
727 15
728 11
729 3
730 13
731 1
732 8
733 3
734 16
735 6
736 6
737 3
738 3
739 1
740 5
741 5
742 5
743 5
744 5
745 5
746 6
747 3
748 5
749 15
750 5
751 15
752 5
753 5
754 8
755 7
756 5
757 5
758 5
759 5
760 8
761 15
762 6
763 6
764 6
765 5
766 5
767 1
768 5
769 5
770 5
771 4
772 6
773 5
774 11
775 1
776 15
777 1
778 1
779 10
780 11
781 7
782 7
783 10
784 1
785 0
786 11
787 11
788 13
789 10
790 0
791 10
792 10
793 5
794 2
795 5
796 5
797 15
798 5
799 1
800 5
801 5
802 5
803 5
804 5
805 16
806 5
807 10
808 14
809 10
810 1
811 15
812 15
813 15
814 15
815 15
816 0
817 1
818 15
819 15
820 1
821 15
822 15
823 0
824 15
825 15
826 1
827 10
828 2
829 1
830 10
831 15
832 1
833 7
834 7
835 5
836 16
837 16
838 15
839 5
840 1
841 1
842 5
843 10
844 11
845 11
846 11
847 2
848 4
849 15
850 6
851 8
852 8
853 8
854 0
855 10
856 10
857 10
858 10
859 8
860 1
861 15
862 15
863 15
864 14
865 15
866 15
867 15
868 2
869 5
870 3
871 8
872 8
873 11
874 1
875 8
876 10
877 0
878 1
879 5
880 1
881 10
882 0
883 1
884 15
885 10
886 5
887 6
888 6
889 6
890 1
891 1
892 6
893 11
894 5
895 7
896 15
897 5
898 5
899 5
900 15
901 10
902 8
903 10
904 8
905 16
906 1
907 0
908 8
909 8
910 8
911 15
912 16
913 1
914 7
915 8
916 8
917 8
918 3
919 6
921 11
922 5
923 5
924 5
925 11
926 5
927 13
928 15
929 4
930 6
931 6
932 8
933 8
934 2
935 1
936 3
937 2
938 10
939 1
940 1
941 15
942 11
943 1
944 1
945 15
946 1
947 15
948 5
949 3
950 6
951 6
952 6
953 5
954 5
955 13
956 0
957 12
958 1
959 12
960 12
961 5
962 5
963 6
964 5
965 6
966 6
967 11
968 1
969 15
970 15
971 15
972 6
973 5
974 5
975 1
976 1
977 1
978 1
979 1
980 1
981 1
982 1
983 1
984 1
985 1
986 1
987 10
988 10
989 10
990 10
991 10
992 10
993 10
994 10
995 10
996 10
997 10
998 10
999 10
1000 10
1001 10
1002 10
1003 10
1004 10
1005 10
1006 10
1007 11
1008 10
1009 10
1010 10
1011 10
1012 10
1013 10
1014 10
1015 5
1016 5
1017 15
1018 5
1019 1
1020 6
1021 1
1022 15
1023 10
1024 10
1025 10
1026 15
1027 8
1028 1
1029 5
1030 1
1031 5
1032 6
1033 5
1034 5
1035 5
1036 5
1037 5
1038 5
1039 1
1040 5
1041 10
1042 10
1043 1
1044 1
1045 0
1046 2
1047 2
1048 2
1049 2
1050 2
1051 2
1052 0
1053 10
1054 10
1055 5
1056 16
1057 1
1058 5
1059 10
1060 2
1061 2
1062 2
1063 5
1064 8
1065 8
1066 8
1067 1
1068 0
1069 11
1070 11
1071 11
1072 16
1073 1
1074 5
1075 5
1076 5
1077 5
1078 5
1079 11
1080 11
1081 11
1082 11
1083 11
1084 6
1085 5
1086 8
1087 8
1088 8
1089 1
1090 1
1091 2
1092 2
1093 11
1094 11
1095 11
1096 5
1097 15
1098 14
1099 11
1100 11
1101 11
1102 5
1103 1
1104 2
1105 11
1106 2
1107 2
1108 2
1109 2
1110 2
1111 2
1112 2
1113 2
1114 2
1115 2
1116 2
1117 2
1118 2
1119 2
1120 2
1121 2
1122 2
1123 2
1124 10
1125 10
1126 10
1127 1
1128 5
1129 5
1130 11
1131 8
1132 8
1133 6
1134 6
1135 6
1136 6
1137 14
1138 15
1139 5
1140 5
1141 15
1142 11
1143 10
1144 10
1145 10
1146 6
1147 6
1148 13
1149 15
1150 10
1151 15
1152 15
1153 15
1154 7
1155 15
1156 8
1157 15
1158 11
1159 5
1160 5
1161 8
1162 1
1163 5
1164 5
1165 5
1166 5
1167 6
1168 8
1169 7
1170 5
1171 1
1172 1
1173 1
1174 1
1175 2
1176 1
1177 2
1178 10
1179 11
1180 5
1181 3
1182 15
1183 2
1184 2
1185 15
1186 8
1187 9
1188 9
1189 15
1190 15
1191 5
1192 2
1193 11
1194 11
1195 11
1196 5
1197 5
1198 5
1199 5
1200 5
1201 5
1202 15
1203 6
1204 5
1205 15
1206 6
1207 5
1208 5
1209 15
1210 5
1211 8
1212 8
1213 8
1214 8
1215 8
1216 8
1217 6
1218 6
1219 6
1220 1
1221 1
1222 5
1223 2
1224 2
1225 2
1226 2
1227 6
1228 6
1229 2
1230 2
1231 8
1232 5
1233 5
1234 11
1235 11
1236 11
1237 11
1238 11
1239 11
1240 11
1241 11
1242 2
1243 1
1244 11
1245 11
1246 14
1247 0
1248 11
1249 13
1250 5
1251 16
1252 10
1253 10
1254 10
1255 5
1256 2
1257 0
1258 0
1259 4
1260 5
1261 5
1262 8
1263 5
1264 5
1265 5
1266 15
1267 11
1268 11
1269 11
1270 11
1271 11
1272 11
1273 11
1274 10
1275 1
1276 16
1277 6
1278 1
1279 15
1280 5
1281 5
1282 6
1283 15
1284 1
1285 7
1286 10
1287 10
1288 10
1289 15
1290 6
1291 15
1292 10
1293 10
1294 1
1295 6
1296 1
1297 1
1298 1
1299 11
1300 11
1301 11
1302 11
1303 1
1304 1
1305 1
1306 15
1307 11
1308 10
1309 10
1310 10
1311 11
1312 1
1313 10
1314 10
1315 10
1316 10
1317 0
1318 1
1319 8
1320 1
1321 5
1322 2
1323 5
1324 6
1325 6
1326 11
1327 5
1328 5
1329 6
1330 6
1331 6
1332 6
1333 6
1334 6
1335 2
1336 5
1337 2
1338 15
1339 1
1340 16
1341 8
1342 13
1343 1
1344 0
1345 0
1346 0
1347 0
1348 0
1349 15
1350 9
1351 10
1352 1
1353 5
1354 1
1355 7
1356 1
1357 10
1358 5
1359 13
1360 5
1361 5
1362 5
1363 5
1364 5
1365 2
1366 1
1367 10
1368 5
1369 10
1370 10
1371 5
1372 1
1373 3
1374 3
1375 14
1376 0
1377 5
1378 11
1379 11
1380 6
1381 15
1382 2
1383 16
1384 16
1385 16
1386 16
1387 16
1388 16
1389 16
1390 16
1391 16
1392 16
1393 16
1394 16
1395 16
1396 16
1397 16
1398 16
1399 1
1400 1
1401 10
1402 10
1403 6
1404 6
1405 5
1406 6
1407 6
1408 11
1409 6
1410 6
1411 5
1412 5
1413 1
1414 1
1415 5
1416 5
1417 5
1418 6
1419 6
1420 6
1421 8
1422 8
1423 13
1424 1
1425 1
1426 9
1427 15
1428 15
1429 6
1430 0
1431 0
1432 0
1433 1
1434 0
1435 1
1436 1
1437 10
1438 16
1439 16
1440 16
1441 16
1442 16
1443 16
1444 5
1445 0
1446 7
1447 1
1448 5
1449 11
1450 1
1451 5
1452 16
1453 16
1454 5
1455 15
1456 15
1457 15
1458 8
1459 10
1460 8
1461 11
1462 14
1463 14
1464 14
1465 2
1466 2
1467 2
1468 7
1469 16
1470 1
1471 2
1472 1
1473 6
1474 1
1475 15
1476 1
1477 8
1478 8
1479 14
1480 11
1481 11
1482 10
1483 5
1484 5
1485 6
1486 5
1487 5
1488 5
1489 10
1490 5
1491 0
1492 0
1493 1
1494 1
1495 15
1496 2
1497 5
1498 5
1499 14
1500 14
1501 13
1502 5
1503 10
1504 6
1505 1
1506 2
1507 11
1508 11
1509 2
1510 15
1511 10
1512 8
1513 8
1514 15
1515 2
1516 2
1517 1
1518 1
1519 2
1520 2
1521 6
1522 2
1523 5
1524 5
1525 10
1526 10
1527 10
1528 10
1529 10
1530 10
1531 2
1532 2
1533 5
1534 1
1535 11
1536 11
1537 11
1538 11
1539 11
1540 1
1541 1
1542 1
1543 1
1544 1
1545 1
1546 11
1547 11
1548 5
1549 10
1550 3
1551 14
1552 1
1553 1
1554 3
1555 5
1556 5
1557 3
1558 5
1559 6
1561 0
1562 5
1563 11
1564 11
1565 0
1566 0
1567 0
1568 2
1569 8
1570 15
1571 15
1572 13
1573 2
1574 2
1575 11
1576 6
1577 6
1578 6
1579 6
1580 1
1581 11
1582 11
1583 0
1585 2
1586 5
1587 5
1589 1
1590 1
1591 11
1592 10
1593 1
1594 10
1595 10
1596 10
1597 16
1598 16
1599 10
1600 16
1601 2
1602 15
1603 8
1604 5
1605 6
1606 2
1607 14
1608 14
1609 14
1610 15
1611 1
1612 2
1613 12
1614 15
1615 10
1616 5
1617 14
1618 6
1619 11
1620 0
1621 15
1622 15
1623 1
1624 6
1625 2
1626 15
1627 13
1628 13
1629 1
1630 0
1631 1
1632 16
1633 16
1634 16
1635 16
1636 3
1637 16
1638 16
1639 16
1640 16
1641 16
1642 2
1643 14
1644 14
1645 14
1646 14
1647 1
1648 10
1649 8
1650 11
1651 5
1652 10
1653 2
1654 6
1655 6
1656 6
1657 5
1658 6
1659 6
1660 15
1661 5
1662 1
1663 15
1664 16
1665 16
1666 11
1667 0
1668 1
1669 5
1670 1
1671 1
1672 2
1673 10
1674 2
1675 2
1676 2
1677 1
1678 1
1679 13
1680 0
1681 0
1682 6
1683 5
1684 5
1685 16
1686 5
1687 5
1688 16
1689 16
1690 16
1691 16
1692 16
1693 16
1694 16
1695 16
1696 15
1697 10
1698 10
1699 5
1700 10
1701 6
1702 12
1703 5
1704 1
1705 5
1706 1
1707 6
1708 11
1709 16
1710 10
1711 10
1712 10
1713 10
1714 10
1715 10
1716 10
1717 10
1718 5
1720 15
1721 8
1722 16
1723 16
1724 15
1725 14
1726 15
1727 15
1728 15
1729 15
1730 15
1731 15
1732 16
1733 5
1734 5
1735 14
1736 1
1737 10
1738 10
1739 10
1740 10
1741 10
1742 10
1743 10
1744 10
1745 15
1746 5
1747 6
1749 6
1750 10
1751 5
1752 15
1753 14
1754 16
1755 5
1756 16
1757 16
1758 16
1759 16
1760 16
1761 0
1762 14
1763 10
1764 0
1765 5
1766 5
1767 5
1768 5
1769 5
1770 10
1771 10
1772 10
1773 10
1774 6
1775 10
1776 10
1777 5
1778 5
1779 2
1780 10
1781 1
1782 1
1783 1
1784 10
1785 14
1786 10
1787 10
1788 5
1789 10
1790 2
1791 10
1792 11
1793 5
1794 13
1795 8
1797 2
1798 11
1799 0
1800 5
1801 5
1802 2
1803 5
1804 11
1805 16
1806 10
1807 1
1808 14
1809 14
1810 14
1811 14
1812 14
1814 5
1815 5
1816 5
1817 5
1818 5
1819 5
1820 1
1821 11
1822 11
1823 11
1824 5
1825 5
1826 2
1827 1
1828 15
1829 6
1831 1
1832 5
1833 5
1834 5
1835 2
1836 10
1838 14
1839 2
1840 2
1841 6
1842 6
1843 10
1844 1
1845 6
1846 1
1847 15
1848 15
1849 13
1850 10
1851 15
1852 1
1853 2
1855 1
1856 5
1857 5
1858 5
1859 6
1860 6
1861 11
1862 6
1863 1
1864 15
1865 6
1866 6
1867 10
1868 10
1869 14
1870 10
1871 10
1872 10
1873 1
1874 6
1875 10
1876 10
1877 10
1878 6
1879 3
1880 1
1881 2
1882 2
1883 6
1885 5
1886 0
1887 5
1888 15
1889 1
1890 10
1891 1
1892 2
1893 15
1894 0
1895 8
1896 11
1897 5
1898 5
1899 11
1900 10
1901 10
1902 2
1903 2
1904 6
1905 11
1906 0
1907 5
1908 5
1909 2
1910 2
1911 2
1912 2
1913 10
1914 14
1916 1
1917 14
1918 14
1919 14
1920 14
1921 1
1922 1
1923 16
1924 16
1925 16
1926 14
1927 10
1928 10
1929 10
1930 15
1931 14
1932 10
1933 11
1934 11
1935 1
1936 1
1937 10
1938 10
1939 15
1940 1
1941 6
1942 11
1943 5
1944 0
1945 0
1946 15
1947 5
1948 15
1949 15
1950 5
1951 1
1952 5
1953 5
1954 5
1955 10
1956 10
1957 8
1958 15
1959 16
1960 16
1961 16
1962 16
1963 16
1964 5
1965 1
1966 5
1967 2
1968 2
1969 2
1970 1
1971 1
1972 15
1973 15
1974 15
1975 15
1976 15
1977 11
1978 11
1979 5
1980 5
1981 13
1982 1
1983 13
1984 2
1985 6
1986 1
1987 15
1988 15
1989 13
1990 15
1991 1
1992 5
1993 1
1994 2
1995 1
1996 7
1997 10
1998 5
1999 0
2000 16
2001 16
2002 5
2003 5
2004 1
2005 6
2006 11
2007 16
2008 16
2009 15
2010 16
2011 15
2012 6
2013 15
2014 15
2015 2
2016 2
2017 1
2018 15
2019 15
2020 0
2021 2
2022 2
2023 6
2024 5
2025 2
2026 5
2027 5
2028 1
2029 1
2030 2
2032 15
2033 15
2034 15
2035 8
2037 15
2038 5
2039 10
2040 2
2041 2
2042 1
2043 5
2044 14
2045 7
2046 15
2047 14
2048 15
2049 1
2050 6
2051 6
2052 6
2053 5
2054 3
2055 1
2056 1
2057 1
2058 0
2059 1
2060 1
2061 5
2062 5
2063 5
2064 7
2065 10
2066 13
2067 10
2068 10
2069 10
2070 15
2071 0
2072 1
2073 11
2075 10
2076 11
2077 11
2078 11
2079 1
2080 10
2081 8
2082 5
2083 6
2084 7
2085 15
2086 1
2087 1
2088 2
2089 5
2091 5
2093 0
2094 10
2095 1
2096 10
2097 10
2098 10
2099 10
2100 7
2101 7
2102 7
2103 5
2104 5
2106 6
2107 1
2109 15
2110 5
2111 7
2112 7
2113 5
2114 5
2115 12
2116 15
2117 15
2118 8
2119 2
2120 1
2121 5
2123 1
2124 14
2125 14
2126 1
2127 5
2129 1
2130 1
2131 1
2132 10
2133 5
2134 2
2135 15
2136 7
2137 5
2138 10
2139 11
2140 5
2141 4
2142 1
2143 15
2144 1
2145 10
2146 1
2147 2
2148 15
2149 6
2150 16
2151 11
2152 1
2153 10
2155 1
2156 10
2157 1
2158 10
2159 15
2160 12
2162 2
2163 10
2164 10
2165 10
2166 15
2167 14
2168 14
2169 10
2170 5
2171 5
2172 5
2173 15
2174 15
2175 2
2176 1
2177 7
2178 7
2179 16
2180 5
2181 5
2183 10
2184 6
2185 15
2186 13
2187 16
2188 15
2189 16
2190 5
2191 7
2192 15
2193 15
2194 15
2195 15
2196 5
2197 6
2198 1
2199 14
2200 10
2201 10
2202 10
2203 16
2205 10
2206 10
2207 1
2210 1
2211 7
2212 7
2213 15
2214 15
2215 12
2216 14
2217 10
2218 14
2219 0
2220 2
2221 1
2222 1
2223 5
2224 5
2225 5
2226 5
2227 5
2228 5
2229 5
2230 1
2231 1
2232 1
2234 15
2236 7
2237 10
2238 5
2239 10
2240 10
2241 5
2242 1
2243 2
2244 10
2245 10
2246 2
2247 2
2248 15
2249 5
2250 2
2251 1
2252 10
2253 10
2254 5
2256 5
2257 10
2258 5
2259 2
2260 2
2261 2
2262 2
2263 2
2264 2
2265 2
2266 2
2267 2
2268 2
2269 15
2270 15
2271 16
2272 10
2274 14
2275 3
2276 6
2277 10
2278 15
2279 5
2280 6
2281 5
2282 15
2283 2
2284 14
2285 11
2286 16
2287 16
2288 16
2289 14
2290 3
2291 5
2292 11
2293 0
2294 15
2296 5
2300 11
2301 2
2302 11
2303 11
2304 15
2305 2
2306 1
2307 10
2308 4
2309 5
2310 11
2311 2
2312 8
2313 10
2314 2
2315 16
2316 3
2317 0
2318 14
2319 14
2322 1
2323 1
2324 10
2325 10
2326 5
2327 0
2328 15
2329 1
2330 6
2331 10
2332 14
2333 10
2334 5
2335 11
2336 11
2337 14
2338 2
2339 15
2340 11
2341 14
2342 14
2343 14
2344 14
2346 12
2347 2
2348 16
2349 2
2350 14
2351 14
2352 14
2353 14
2354 14
2355 14
2356 16
2357 0
2358 2
2359 16
2360 16
2361 10
2362 14
2363 14
2364 10
2365 15
2366 5
2367 0
2368 11
2369 2
2370 6
2371 11
2372 11
2373 6
2374 2
2375 5
2376 16
2377 2
2378 10
2379 10
2380 15
2381 1
2382 0
2383 16
2384 10
2385 1
2386 10
2387 16
2388 10
2389 5
2390 10
2391 10
2392 10
2393 10
2394 15
2395 1
2396 0
2397 10
2400 1
2401 15
2402 10
2403 1
